0.017287091
0.017259181
0.017231289
0.017204019
0.017177923
0.017153535
0.017131256
0.017111434
0.017094335
0.017080063
0.017068696
0.017060173
0.017054347
0.017051036
0.017049965
0.017050841
0.017053365
0.017057236
0.017062168
0.017067959
0.017074428
0.017081485
0.017089142
0.017097444
0.017106568
0.017116741
0.017128238
0.017141405
0.017156596
0.017174155
0.017194425
0.0172177
0.01724417
0.017274002
0.0173072
0.017343671
0.017383245
0.017425553
0.017470182
0.017516593
0.017564138
0.017612149
0.017659888
0.017706607
0.017751588
0.017794154
0.017833665
0.017869636
0.017901644
0.017929397
0.017952806
0.017971824
0.017986641
0.017997551
0.01800494
0.018009376
0.018011462
0.018011887
0.018011403
0.018010757
0.018010694
0.018011954
0.018015194
0.018021002
0.01802992
0.018042316
0.018058511
0.01807869
0.018102892
0.018131112
0.018163169
0.018198824
0.018237766
0.018279585
0.018323855
0.018370109
0.018417861
0.018466642
0.018516019
0.018565563
0.018614942
0.018663864
0.018712095
0.018759522
0.018806058
0.018851717
0.018896585
0.018940781
0.018984499
0.019027954
0.01907138
0.019115016
0.019159108
0.019203849
0.019249426
0.019295968
0.01934354
0.019392187
0.019441858
0.019492468
0.019543887
0.019595922
0.019648368
0.019700991
0.019753543
0.01980578
0.019857483
0.019908432
0.019958459
0.02000743
0.020055233
0.020101839
0.020147228
0.020191438
0.020234553
0.020276682
0.020317984
0.020358639
0.020398862
0.020438899
0.020479014
0.020519518
0.020560738
0.020603044
0.020646846
0.020692577
0.020740725
0.020791808
0.020846369
0.020904995
0.02096827
0.021036779
0.021111103
0.021191786
0.021279286
0.021374038
0.021476323
0.021586319
0.021704121
0.021829579
0.021962492
0.022102463
0.022248937
0.022401308
0.022558793
0.022720583
0.022885844
0.023053732
0.023223438
0.023394318
0.023565772
0.023737419
0.023909122
0.024080836
0.024252914
0.024425848
0.024600349
0.024777443
0.024958209
0.025143954
0.025336073
0.025535966
0.025745047
0.025964708
0.026196134
0.026440411
0.026698451
0.026970805
0.027257927
0.027559899
0.027876539
0.028207539
0.028552208
0.028909794
0.029279391
0.029659964
0.030050496
0.030450021
0.030857587
0.031272456
0.031694089
0.032122048
0.032556341
0.032997099
0.033444772
0.033900175
0.034364217
0.034838204
0.03532357
0.035821881
0.036334896
0.036864397
0.037412176
0.037980044
0.038569734
0.039182858
0.039820977
0.040485465
0.041177592
0.041898545
0.042649373
0.043431098
0.044244765
0.045091435
0.045972276
0.046888758
0.047842427
0.048835329
0.049869873
0.050948765
0.052075543
0.053253948
0.05448847
0.055784249
0.057146667
0.058582
0.060096739
0.06169779
0.063392493
0.065188216
0.067092427
0.069112618
0.071255951
0.07352918
0.075938843
0.078490344
0.081188703
0.084037931
0.087040605
0.09019891
0.093512972
0.096982067
0.100604253
0.104375468
0.108291187
0.11234462
0.116527857
0.120831896
0.125245529
0.129757111
0.134353007
0.139018443
0.143737832
0.148493665
0.153268023
0.158041529
0.162793762
0.16750383
0.172149407
0.176707898
0.181155942
0.185469566
0.189624666
0.193596815
0.197361547
0.200894759
0.204172714
0.207172087
0.209871062
0.212248294
0.214284305
0.215961593
0.217263584
0.218177437
0.218691526
0.218797329
0.218489967
0.217765831
0.216626517
0.215075506
0.213119528
0.210769844
0.208038878
0.204943912
0.20150426
0.197741506
0.193680837
0.189348207
0.184772252
0.179982823
0.175010479
0.169886919
0.164643937
0.159313034
0.153925529
0.148511918
0.143100973
0.137720977
0.132397518
0.127154572
0.122014546
0.116996155
0.112117308
0.107392333
0.102833208
0.098450424
0.094250529
0.090239226
0.086419334
0.082791535
0.079355557
0.076108442
0.073046583
0.070164954
0.067457279
0.064916962
0.062536389
0.060307724
0.058222906
0.056273683
0.054451845
0.052749439
0.051158584
0.049671801
0.04828203
0.046982379
0.045766664
0.0446289
0.043563556
0.042565636
0.041630266
0.040753156
0.039930199
0.039157554
0.038431741
0.037749355
0.037107303
0.036502599
0.035932402
0.035394063
0.034884983
0.03440276
0.033945074
0.033509718
0.033094673
0.032697964
0.032317849
0.031952684
0.031600965
0.031261425
0.030932852
0.030614291
0.030304913
0.030004014
0.02971112
0.029425802
0.029147828
0.028877057
0.02861342
0.028356976
0.0281078
0.027866036
0.027631854
0.027405424
0.027186922
0.02697651
0.026774314
0.026580422
0.0263949
0.026217729
0.026048873
0.025888225
0.025735623
0.025590879
0.025453721
0.025323864
0.02520097
0.025084671
0.024974577
0.024870272
0.024771329
0.024677318
0.02458781
0.024502376
0.024420623
0.024342157
0.02426664
0.02419376
0.024123235
0.024054864
0.02398846
0.023923907
0.023861151
0.023800154
0.023740959
0.023683626
0.023628247
0.023574946
0.023523845
0.02347506
0.02342871
0.023384872
0.023343584
0.023304864
0.023268643
0.023234829
0.023203269
0.023173737
0.023146005
0.023119777
0.023094745
0.023070604
0.023047053
0.023023801
0.023000626
0.022977326
0.022953779
0.022929947
0.02290582
0.022881511
0.022857167
0.022832994
0.022809259
0.022786236
0.022764213
0.022743479
0.022724283
0.022706825
0.02269128
0.022677715
0.022666154
0.022656553
0.022648782
0.022642686
0.022638055
0.022634661
0.022632288
0.022630739
0.022629842
0.022629522
0.022629744
0.02263056
0.022632138
0.022634672
0.022638474
0.022643888
0.022651269
0.022660998
0.022673428
0.022688812
0.022707362
0.022729154
0.022754084
0.022781988
0.022812437
0.022844907
0.022878737
0.022913074
0.022947047
0.022979682
0.023009979
0.023036992
0.023059852
0.023077739
0.023090087
0.023096441
0.023096554
0.023090501
0.023078432
0.023060863
0.023038446
0.023011986
0.022982499
0.022951041
0.02291873
0.022886712
0.022856063
0.022827748
0.022802681
0.022781507
0.022764759
0.022752776
0.022745608
0.02274323
0.022745322
0.02275145
0.022761062
0.022773444
0.022787861
0.022803528
0.022819635
0.02283542
0.022850175
0.022863226
0.02287404
0.022882139
0.022887145
0.022888818
0.022886952
0.02288148
0.022872389
0.022859728
0.022843633
0.022824253
0.022801815
0.022776561
0.022748775
0.022718783
0.022686919
0.02265357
0.022619137
0.022584045
0.022548755
0.022513724
0.022479423
0.022446323
0.022414869
0.022385476
0.022358531
0.022334322
0.022313108
0.022295043
0.022280171
0.022268497
0.022259871
0.022254083
0.022250862
0.022249826
0.02225059
0.022252719
0.022255768
0.02225932
0.02226299
0.022266418
0.022269351
0.022271573
0.022272949
0.022273452
0.022273074
0.022271913
0.022270088
0.022267749
0.022265071
0.022262224
0.022259345
0.022256563
0.022253954
0.022251547
0.022249354
0.022247323
0.022245385
0.022243463
0.022241465
0.022239321
0.022236997
0.022234479
0.022231824
0.022229145
0.022226588
0.022224382
0.022222786
0.022222081
0.022222573
0.022224563
0.022228299
0.022234025
0.022241887
0.022251957
0.022264255
0.022278657
0.022295009
0.022313053
0.02233247
0.022352918
0.022374037
0.022395453
0.022416864
0.022438005
0.022458673
0.022478811
0.022498397
0.022517555
0.022536502
0.022555499
0.022574913
0.022595121
0.022616498
0.022639408
0.022664168
0.022690958
0.02271993
0.022751044
0.022784139
0.022818969
0.022855074
0.02289196
0.022929013
0.022965549
0.023000894
0.023034372
0.023065338
0.023093281
0.023117766
0.023138488
0.023155368
0.023168387
0.023177768
0.023183861
0.023187105
0.023188114
0.023187516
0.023185981
0.023184206
0.023182818
0.023182363
0.023183338
0.023186028
0.023190642
0.023197229
0.023205635
0.023215651
0.023226865
0.023238794
0.02325089
0.023262533
0.0232731
0.023281997
0.023288651
0.023292577
0.023293405
0.023290814
0.023284691
0.023274986
0.023261788
0.023245341
0.023225938
0.023204017
0.023180062
0.023154602
0.023128219
0.023101485
0.02307495
0.02304915
0.023024551
0.023001549
0.022980493
0.022961591
0.022945018
0.022930831
0.022918998
0.02290944
0.02290198
0.022896405
0.022892474
0.022889913
0.022888451
0.022887845
0.022887866
0.022888355
0.022889203
0.022890357
0.022891878
0.022893855
0.022896476
0.022899996
0.022904691
0.022910898
0.022918959
0.022929188
0.022941889
0.022957305
0.022975565
0.022996772
0.023020834
0.023047586
0.023076741
0.023107837
0.023140361
0.023173646
0.023206966
0.023239558
0.023270606
0.023299308
0.023324934
0.023346773
0.023364258
0.023376958
0.023384511
0.02338683
0.023383899
0.023375901
0.023363213
0.023346277
0.023325736
0.023302293
0.023276727
0.023249875
0.023222583
0.023195672
0.023169958
0.02314616
0.023124932
0.023106867
0.02309239
0.023081892
0.02307561
0.023073683
0.023076179
0.023083023
0.023094108
0.023109215
0.023128069
0.023150351
0.023175673
0.023203629
0.02323377
0.02326563
0.023298741
0.023332625
0.023366818
0.02340089
0.023434429
0.023467085
0.023498586
0.023528687
0.023557287
0.023584331
0.023609875
0.023634091
0.023657193
0.023679527
0.023701472
0.023723447
0.023745913
0.02376931
0.02379402
0.023820405
0.023848683
0.023878967
0.023911275
0.023945386
0.023981016
0.024017677
0.024054737
0.024091505
0.024127132
0.024160762
0.024191532
0.024218583
0.024241139
0.02425859
0.024270376
0.024276234
0.02427603
0.024269832
0.024258005
0.024240994
0.024219522
0.024194417
0.024166593
0.024137068
0.024106863
0.024076935
0.02404822
0.02402149
0.023997358
0.023976344
0.023958648
0.023944389
0.023933448
0.023925514
0.023920198
0.023916925
0.023915084
0.023914034
0.023913116
0.023911717
0.023909339
0.023905526
0.023900006
0.02389263
0.023883353
0.023872343
0.023859813
0.023846132
0.023831742
0.023817106
0.023802738
0.023789141
0.023776755
0.023765989
0.023757161
0.023750472
0.023746076
0.02374397
0.023744099
0.023746323
0.023750419
0.023756159
0.023763284
0.023771534
0.023780704
0.023790635
0.02380122
0.023812479
0.023824478
0.023837393
0.023851494
0.023867081
0.023884548
0.023904293
0.023926707
0.023952167
0.023980984
0.024013347
0.024049401
0.024089056
0.024132133
0.024178277
0.024226914
0.024277399
0.024328857
0.024380334
0.024430801
0.024479146
0.024524272
0.024565147
0.024600777
0.024630363
0.024653277
0.024669044
0.024677575
0.024678889
0.02467339
0.024661731
0.024644733
0.024623567
0.024599465
0.024573828
0.024548139
0.024523839
0.024502303
0.02448485
0.024472484
0.024466075
0.024466193
0.024473012
0.024486575
0.024506413
0.0245319
0.024562153
0.024596012
0.024632283
0.024669661
0.024706834
0.024742654
0.024776107
0.024806364
0.024833067
0.024855981
0.024875438
0.024892114
0.024906974
0.024921564
0.024937555
0.024957039
0.024982311
0.025015758
0.025059905
0.025117256
0.025190168
0.025280923
0.025391512
0.025523584
0.025678612
0.025857435
0.026060704
0.026288539
0.026540581
0.026816239
0.027114268
0.027433267
0.027771364
0.028126375
0.028495942
0.028877336
0.029267748
0.029664162
0.030063454
0.030462462
0.03085797
0.03124677
0.031625742
0.031991814
0.03234206
0.032673757
0.032984277
0.033271373
0.033532911
0.033767116
0.03397254
0.034147907
0.034292445
0.034405521
0.034486886
0.034536582
0.034554806
0.03454212
0.034499155
0.034426762
0.034325915
0.034197642
0.034043076
0.033863366
0.033659697
0.033433267
0.033185301
0.032917051
0.032629795
0.032324915
0.032003826
0.031668098
0.031319434
0.030959633
0.030590767
0.030214974
0.029834628
0.02945225
0.029070448
0.028691974
0.028319605
0.027956086
0.02760414
0.027266347
0.026945034
0.026642426
0.026360249
0.026100044
0.025862919
0.025649481
0.025460153
0.025294679
0.025152627
0.02503313
0.024934957
0.024856745
0.024796784
0.024753306
0.024724435
0.024708244
0.024702846
0.024706453
0.024717321
0.024733931
0.02475488
0.024778937
0.024805127
0.024832548
0.024860583
0.024888707
0.02491655
0.024943903
0.024970596
0.024996607
0.02502194
0.02504665
0.025070834
0.025094591
0.025118031
0.025141265
0.025164377
0.025187434
0.02521048
0.02523351
0.025256506
0.025279379
0.025302019
0.025324263
0.025345887
0.025366657
0.02538627
0.025404411
0.025420746
0.025434924
0.025446612
0.025455517
0.025461354
0.02546395
0.025463186
0.025459033
0.025451618
0.025441124
0.025427926
0.025412483
0.02539537
0.025377302
0.025359035
0.025341417
0.02532533
0.025311636
0.02530119
0.025294788
0.025293085
0.02529669
0.025305989
0.025321227
0.025342512
0.025369667
0.02540245
0.025440351
0.025482745
0.025528893
0.025577907
0.02562887
0.025680827
0.025732805
0.025783909
0.025833311
0.025880259
0.025924222
0.025964726
0.026001539
0.026034595
0.02606395
0.026089911
0.026112844
0.026133287
0.026151862
0.026169227
0.026186075
0.026203091
0.026220857
0.02623992
0.026260667
0.026283323
0.026308017
0.02633459
0.026362816
0.026392229
0.026422223
0.026452108
0.026481051
0.026508193
0.026532696
0.026553727
0.02657057
0.026582685
0.026589617
0.026591283
0.026587708
0.02657925
0.026566562
0.026550446
0.026532075
0.026512718
0.026493825
0.02647697
0.026463706
0.026455554
0.026453985
0.026460167
0.026475134
0.026499581
0.026533778
0.026577813
0.026631145
0.026693051
0.026762356
0.026837528
0.026916892
0.026998436
0.027080103
0.027159802
0.027235441
0.027305096
0.027367106
0.027419948
0.027462658
0.027494481
0.027515142
0.027524879
0.027524133
0.027513975
0.027495633
0.027470676
0.027440922
0.027408233
0.027374571
0.027341881
0.027311912
0.027286312
0.02726646
0.027253366
0.027247887
0.027250333
0.027260829
0.027279128
0.027304624
0.027336588
0.027373961
0.027415609
0.027460309
0.027506786
0.027553823
0.027600314
0.027645211
0.027687748
0.027727265
0.027763344
0.027795824
0.027824653
0.027850079
0.027872436
0.027892211
0.027910004
0.027926439
0.027942172
0.027957855
0.027974041
0.027991238
0.028009849
0.028030114
0.028052212
0.028076121
0.028101745
0.028128862
0.028157133
0.02818618
0.028215539
0.02824473
0.028273267
0.02830067
0.02832649
0.028350345
0.028371879
0.028390842
0.028407033
0.028420321
0.028430675
0.028438087
0.028442646
0.028444473
0.028443734
0.028440642
0.028435428
0.028428355
0.028419705
0.028409785
0.02839891
0.028387426
0.028375692
0.028364081
0.028352998
0.028342851
0.028334064
0.028327068
0.028322289
0.028320131
0.02832099
0.028325193
0.028333032
0.02834473
0.028360397
0.028380101
0.028403757
0.028431214
0.028462219
0.028496402
0.028533358
0.028572583
0.028613549
0.028655728
0.028698578
0.028741612
0.028784418
0.028826631
0.028868044
0.02890852
0.028948051
0.02898678
0.029024899
0.029062745
0.029100699
0.029139176
0.029178627
0.029219464
0.029262031
0.029306642
0.029353439
0.029402486
0.029453708
0.029506845
0.029561583
0.029617402
0.02967374
0.029729949
0.029785317
0.029839146
0.029890767
0.029939536
0.029984952
0.03002658
0.030064127
0.030097481
0.030126602
0.030151668
0.030172934
0.030190779
0.030205684
0.030218164
0.03022878
0.030238106
0.030246664
0.030254957
0.030263415
0.030272365
0.030282097
0.030292753
0.030304435
0.030317148
0.03033082
0.030345358
0.030360603
0.030376393
0.030392565
0.030408957
0.030425436
0.030441901
0.03045827
0.030474522
0.030490654
0.030506699
0.03052272
0.030538792
0.030555005
0.030571461
0.030588248
0.030605459
0.03062317
0.030641449
0.030660353
0.030679921
0.030700188
0.030721177
0.030742902
0.030765369
0.030788576
0.030812517
0.030837168
0.030862488
0.030888422
0.030914875
0.030941736
0.030968835
0.030995979
0.031022917
0.031049352
0.031074955
0.031099348
0.031122128
0.031142882
0.031161188
0.031176648
0.031188913
0.031197656
0.031202691
0.031203874
0.031201224
0.031194888
0.031185124
0.031172418
0.031157318
0.031140592
0.03112311
0.031105838
0.031089865
0.031076297
0.031066266
0.031060893
0.031061193
0.031068084
0.031082357
0.031104512
0.031134957
0.031173697
0.031220564
0.031275088
0.031336452
0.031403704
0.031475516
0.031550457
0.031626914
0.031703156
0.031777456
0.03184811
0.031913459
0.031972112
0.032022798
0.032064567
0.032096839
0.032119225
0.032131918
0.032135271
0.032130114
0.032117577
0.032098988
0.032076022
0.032050405
0.032023984
0.031998644
0.031976142
0.03195812
0.031946074
0.031941084
0.031944115
0.031955633
0.031975818
0.032004547
0.032041213
0.03208509
0.032135028
0.03218975
0.032247829
0.032307711
0.032367858
0.032426796
0.032483091
0.032535569
0.032583179
0.032625125
0.032660931
0.03269025
0.032713148
0.032729808
0.032740678
0.032746395
0.032747676
0.032745386
0.032740406
0.032733603
0.032725838
0.032717875
0.03271036
0.032703874
0.032698789
0.032695418
0.032693908
0.03269431
0.032696606
0.032700693
0.032706456
0.032713785
0.032722581
0.032732814
0.032744529
0.03275783
0.032772957
0.032790195
0.032809931
0.032832612
0.032858695
0.032888662
0.03292297
0.032961964
0.033005956
0.033055065
0.033109266
0.033168394
0.033232007
0.033299578
0.033370298
0.033443248
0.033517373
0.033591482
0.033664374
0.033734828
0.033801649
0.033863795
0.033920332
0.03397052
0.034013926
0.034050238
0.034079583
0.034102242
0.034118811
0.034130173
0.034137325
0.034141546
0.03414416
0.034146563
0.034150185
0.034156367
0.034166321
0.03418117
0.034201699
0.034228595
0.034262173
0.034302511
0.034349466
0.034402531
0.034461095
0.03452425
0.03459098
0.03466017
0.034730608
0.034801094
0.034870474
0.034937619
0.035001579
0.03506149
0.035116656
0.035166601
0.035210929
0.035249524
0.035282343
0.03530953
0.035331359
0.035348161
0.035360396
0.035368539
0.035373107
0.035374633
0.035373626
0.035370579
0.035365968
0.035360199
0.035353668
0.035346711
0.035339626
0.035332687
0.035326124
0.035320158
0.035314973
0.035310757
0.035307674
0.035305885
0.035305547
0.035306801
0.035309787
0.035314622
0.035321414
0.035330241
0.035341152
0.035354169
0.035369249
0.035386332
0.035405279
0.035425913
0.035447993
0.035471209
0.035495221
0.035519611
0.035543933
0.035567706
0.035590421
0.035611574
0.035630671
0.035647233
0.035660871
0.035671224
0.035678055
0.035681242
0.035680746
0.035676747
0.035669481
0.035659414
0.035647113
0.03563328
0.035618781
0.035604517
0.035591512
0.035580805
0.035573428
0.0355704
0.035572655
0.035580995
0.035596148
0.035618574
0.035648634
0.035686427
0.035731838
0.035784606
0.035844168
0.035909887
0.035980894
0.036056232
0.036134859
0.036215664
0.036297539
0.036379417
0.036460252
0.036539139
0.036615257
0.036687919
0.036756633
0.036820973
0.036880764
0.036935894
0.036986422
0.037032518
0.037074423
0.037112485
0.037147079
0.037178621
0.037207545
0.037234268
0.037259197
0.037282717
0.037305155
0.03732682
0.037347951
0.037368752
0.037389377
0.037409925
0.037430468
0.037451009
0.037471536
0.03749199
0.03751228
0.037532295
0.037551895
0.037570932
0.037589256
0.037606716
0.03762319
0.037638571
0.037652801
0.037665893
0.037677892
0.037688968
0.037699339
0.037709332
0.037719372
0.037729943
0.037741645
0.037755104
0.037771
0.037790038
0.037812884
0.037840171
0.037872468
0.037910175
0.037953632
0.03800292
0.038057989
0.03811858
0.038184167
0.038254125
0.038327529
0.038403363
0.038480453
0.038557516
0.038633254
0.038706354
0.038775537
0.038839701
0.038897789
0.038949036
0.03899286
0.039028882
0.03905711
0.039077649
0.039090997
0.039097793
0.039098881
0.039095308
0.039088149
0.039078587
0.039067806
0.039056906
0.039046959
0.039038861
0.039033362
0.039031099
0.039032428
0.039037637
0.039046782
0.039059803
0.039076543
0.039096728
0.039120068
0.039146256
0.039174978
0.039205972
0.039239028
0.039273985
0.039310759
0.039349302
0.039389617
0.039431719
0.039475607
0.039521277
0.03956867
0.039617636
0.039668008
0.039719481
0.039771734
0.039824373
0.039876975
0.03992912
0.039980439
0.040030602
0.040079436
0.040126843
0.040172921
0.040217924
0.040262225
0.040306408
0.040351103
0.040397045
0.040444987
0.040495608
0.040549502
0.040607123
0.040668603
0.040733955
0.040802743
0.040874315
0.040947719
0.041021649
0.041094708
0.041165251
0.0412316
0.041292168
0.041345414
0.041390109
0.041425392
0.041450664
0.041466075
0.041472014
0.04146962
0.041460471
0.041446552
0.04143042
0.041414751
0.041402519
0.041396756
0.041400324
0.041415975
0.041446085
0.041492467
0.041556649
0.041639197
0.041740353
0.041859504
0.041995444
0.042146536
0.042310423
0.042484602
0.042666198
0.042852219
0.043039818
0.043226239
0.043409045
0.043586439
0.0437569
0.043919984
0.044075678
0.044225002
0.044369892
0.044512914
0.044657962
0.044809304
0.044972461
0.045153427
0.045358921
0.045596316
0.04587321
0.04619766
0.04657776
0.047021474
0.047536698
0.048130706
0.048810188
0.049581187
0.050448254
0.051415402
0.052484555
0.053656672
0.054930883
0.0563044
0.057773334
0.059331163
0.060970616
0.062682113
0.064454985
0.066277322
0.068135831
0.070016809
0.071905622
0.073787471
0.075647571
0.077471151
0.079244032
0.080952713
0.082584246
0.084127195
0.085570616
0.086905296
0.08812292
0.089216451
0.090180348
0.091009753
0.091701562
0.092253183
0.092663438
0.09293189
0.093058957
0.093046099
0.092895192
0.092609285
0.09219174
0.09164691
0.090979693
0.090195609
0.089301008
0.088302544
0.087207797
0.086024577
0.084761351
0.083426916
0.082030339
0.080580997
0.079088302
0.077561702
0.076010623
0.074444198
0.072871384
0.07130076
0.069740423
0.06819819
0.066681102
0.065195965
0.063748808
0.062345249
0.060990361
0.05968857
0.058443988
0.057259929
0.056139466
0.055084927
0.054098228
0.053180735
0.052333131
0.051555758
0.050848048
0.050209159
0.049637384
0.049130553
0.04868595
0.048300174
0.047969576
0.047689871
0.047456606
0.047265031
0.047110244
0.04698737
0.046891587
0.046818188
0.046762883
0.046721516
0.046690545
0.046666733
0.046647355
0.046630262
0.046613578
0.046596122
0.046576912
0.046555467
0.046531569
0.046505231
0.046476745
0.046446463
0.046414911
0.046382662
0.046350317
0.046318512
0.046287871
0.046259004
0.046232517
0.046208968
0.046188906
0.046172824
0.046161181
0.046154362
0.046152675
0.046156343
0.046165434
0.046179947
0.046199637
0.04622417
0.046253015
0.046285446
0.046320652
0.046357607
0.046395266
0.046432489
0.046468126
0.04650111
0.046530462
0.046555331
0.046575157
0.046589503
0.046598348
0.046601853
0.046600506
0.046595116
0.046586633
0.046576323
0.046565505
0.046555621
0.046548117
0.046544345
0.046545551
0.046552796
0.046566806
0.046588179
0.046617005
0.046653222
0.046696367
0.046745682
0.046800238
0.046858803
0.046920101
0.046982723
0.04704525
0.047106367
0.047164814
0.04721952
0.047269674
0.047314577
0.047353954
0.047387646
0.047415842
0.047438951
0.047457558
0.047472507
0.047484694
0.047495203
0.047505128
0.047515588
0.047527707
0.047542537
0.047561036
0.047584095
0.047612405
0.04764659
0.047687055
0.047734085
0.04778778
0.047848072
0.047914779
0.047987499
0.048065767
0.048148937
0.048236283
0.048326988
0.04842015
0.048514841
0.048610094
0.048704956
0.048798513
0.048889889
0.04897831
0.049063103
0.049143693
0.049219708
0.049290836
0.049357008
0.049418229
0.049474685
0.049526671
0.049574563
0.049618841
0.049660004
0.049698565
0.049735031
0.049769833
0.049803352
0.049835869
0.049867534
0.049898442
0.049928515
0.049957623
0.049985551
0.05001202
0.050036744
0.050059454
0.050079902
0.050097969
0.050113593
0.0501269
0.050138126
0.050147684
0.050156148
0.05016421
0.050172729
0.050182599
0.0501948
0.050210315
0.050230065
0.050254883
0.050285491
0.050322357
0.050365832
0.050415891
0.050472356
0.050534706
0.050602166
0.050673761
0.050748221
0.050824191
0.050900148
0.050974513
0.051045754
0.051112357
0.051172979
0.051226511
0.051271986
0.051308901
0.051336912
0.051356167
0.051367089
0.051370444
0.051367388
0.051359227
0.051347612
0.051334264
0.051320993
0.051309658
0.051301955
0.051299471
0.051303565
0.051315199
0.051335161
0.051363634
0.051400586
0.051445476
0.051497403
0.051555196
0.051617292
0.051682059
0.051747683
0.051812336
0.051874342
0.05193214
0.051984488
0.052030535
0.052069703
0.052102107
0.052128072
0.052148602
0.052164996
0.052178934
0.052192449
0.052207647
0.052226771
0.05225202
0.052285294
0.052328375
0.052382483
0.052448424
0.052526534
0.052616369
0.052717194
0.052827449
0.052945298
0.053068412
0.053194178
0.053319889
0.053442758
0.053560109
0.053669643
0.053769217
0.053857424
0.053933194
0.053996156
0.054046592
0.054085189
0.05411343
0.054133003
0.054146115
0.054155138
0.054162501
0.054170662
0.054181869
0.054198019
0.054220797
0.054251156
0.054289812
0.054336756
0.054391535
0.054453291
0.054520615
0.054591951
0.054665423
0.054739095
0.054811075
0.054879532
0.054942912
0.054999962
0.055049694
0.055091669
0.05512565
0.055151979
0.055171198
0.055184201
0.055192135
0.055196225
0.055197821
0.055198243
0.0551987
0.055200328
0.055203982
0.055210375
0.055219969
0.055232954
0.055249412
0.055269157
0.05529194
0.055317421
0.055345209
0.055374978
0.055406439
0.055439392
0.055473795
0.055509671
0.05554723
0.055586743
0.055628564
0.055673096
0.055720715
0.055771754
0.055826478
0.055884947
0.055947147
0.05601278
0.056081419
0.056152415
0.056224917
0.05629798
0.056370487
0.056441292
0.056509251
0.05657322
0.056632219
0.056685384
0.056732051
0.056771859
0.056804585
0.056830446
0.056849783
0.056863303
0.056871899
0.056876665
0.056878877
0.056879861
0.056881013
0.056883715
0.056889223
0.05689874
0.056913212
0.056933411
0.05695988
0.056992828
0.057032322
0.057078029
0.057129497
0.05718599
0.057246635
0.057310445
0.057376323
0.057443175
0.05750996
0.05757566
0.05763947
0.057700673
0.057758803
0.057813604
0.057865005
0.057913223
0.057958584
0.058001688
0.0580432
0.058083892
0.058124597
0.058166105
0.05820915
0.058254385
0.058302222
0.058353011
0.058406769
0.058463393
0.058522529
0.058583628
0.058646046
0.058708958
0.058771535
0.058832938
0.058892354
0.058949132
0.059002723
0.059052804
0.059099272
0.05914219
0.059181916
0.059218917
0.05925386
0.059287497
0.059320604
0.059353973
0.059388281
0.059424072
0.059461758
0.059501434
0.059543087
0.059586381
0.059630822
0.059675739
0.059720317
0.05976372
0.059805114
0.059843711
0.059878962
0.059910405
0.059937926
0.059961642
0.059981923
0.059999482
0.060015161
0.060030073
0.060045379
0.060062286
0.060082004
0.060105558
0.060133831
0.060167472
0.060206772
0.060251848
0.060302374
0.060357873
0.060417562
0.060480497
0.060545654
0.060611953
0.060678357
0.060743998
0.060808081
0.060870159
0.060929925
0.060987392
0.061042805
0.061096582
0.06114937
0.061201868
0.061254846
0.061309063
0.061365138
0.061423621
0.061484819
0.061548842
0.061615627
0.061684801
0.06175591
0.061828249
0.061901063
0.061973533
0.062044824
0.062114179
0.062180954
0.062244596
0.062304811
0.06236139
0.062414395
0.062464001
0.062510541
0.062554475
0.062596309
0.062636588
0.062675852
0.062714558
0.062753128
0.062791829
0.062830848
0.062870238
0.062909937
0.062949808
0.06298962
0.063029133
0.063068093
0.063106259
0.063143492
0.063179708
0.06321496
0.06324944
0.063283444
0.063317471
0.063352083
0.063388009
0.063426044
0.063467031
0.063511866
0.063561399
0.063616414
0.06367763
0.063745553
0.063820589
0.063902824
0.063992206
0.064088352
0.064190618
0.064298167
0.06440981
0.064524268
0.064639991
0.06475537
0.06486874
0.064978401
0.065082808
0.065180518
0.065270307
0.06535131
0.065422832
0.065484729
0.065537055
0.065580344
0.065615437
0.065643429
0.065665749
0.06568388
0.065699454
0.065714099
0.065729256
0.065746312
0.06576627
0.065789901
0.065817621
0.065849399
0.065884986
0.065923637
0.065964483
0.066006354
0.066047962
0.066088041
0.066125314
0.066158684
0.06618732
0.066210574
0.066228302
0.066240548
0.06624787
0.066251098
0.06625137
0.066250124
0.066248886
0.066249335
0.066253139
0.066261807
0.066276801
0.066299194
0.066329879
0.066369361
0.06641776
0.066474955
0.066540338
0.066613166
0.066692337
0.066776622
0.066864689
0.066955113
0.067046553
0.067137707
0.06722741
0.067314719
0.067398796
0.067479123
0.067555301
0.067627186
0.067694791
0.067758275
0.067817932
0.067874112
0.067927244
0.067977766
0.06802612
0.068072746
0.068118053
0.068162436
0.068206274
0.068249949
0.068293842
0.068338365
0.068383944
0.06843106
0.068480212
0.068531917
0.0685867
0.068645047
0.068707388
0.068774072
0.068845245
0.068920966
0.069000967
0.069084839
0.069171867
0.069261095
0.069351374
0.069441313
0.069529456
0.069614249
0.069694159
0.06976783
0.069834016
0.069891873
0.069940862
0.069980851
0.070012298
0.07003592
0.070053126
0.070065503
0.070075088
0.070084097
0.070094779
0.070109405
0.070130016
0.070158281
0.07019559
0.070242529
0.070299398
0.070365589
0.070440071
0.070521183
0.070606765
0.070694423
0.070781451
0.070865174
0.070943121
0.071012961
0.071073058
0.071122119
0.071159683
0.071185952
0.071201717
0.071208658
0.071208744
0.071204614
0.07119906
0.071194988
0.071195333
0.071202655
0.071219208
0.071246734
0.071286224
0.071338259
0.071402432
0.071478012
0.07156349
0.071657024
0.071756484
0.071859522
0.071963878
0.072067451
0.072168348
0.072265292
0.072357235
0.072443923
0.072525424
0.072602415
0.072675986
0.072747481
0.072818527
0.072890775
0.07296577
0.073044978
0.073129367
0.073219687
0.073316068
0.073418204
0.073525317
0.07363603
0.07374872
0.073861261
0.073971425
0.074076829
0.074175052
0.074263889
0.074341283
0.074405551
0.074455455
0.074490108
0.074509336
0.074513226
0.074502644
0.074478732
0.0744432
0.074398097
0.074345753
0.074288789
0.074229907
0.074171914
0.074117585
0.074069552
0.074030357
0.074002179
0.073987004
0.073986414
0.074001594
0.074033404
0.074082134
0.074147853
0.074230007
0.07432783
0.074440076
0.074565248
0.074701578
0.074847048
0.074999555
0.075156854
0.075316696
0.075476893
0.075635303
0.075789999
0.075939183
0.076081347
0.076215215
0.076339807
0.07645446
0.076558758
0.076652691
0.076736396
0.076810444
0.076875541
0.076932678
0.076983067
0.077028016
0.077069048
0.077107722
0.077145644
0.077184436
0.077225631
0.077270698
0.077320861
0.07737719
0.077440456
0.077511076
0.077589204
0.077674487
0.077766344
0.077863668
0.077965137
0.078069045
0.078173506
0.078276489
0.07837589
0.078469696
0.078556094
0.078633452
0.078700671
0.07875691
0.078802058
0.078836362
0.078860718
0.078876523
0.078885527
0.07888998
0.07889221
0.07889474
0.078900054
0.07891031
0.078927539
0.078953137
0.078988111
0.079032834
0.079086987
0.079149872
0.079220002
0.079295682
0.079374744
0.079454904
0.079533866
0.079609373
0.079679522
0.079742734
0.079797839
0.079844356
0.079882133
0.079911775
0.079934173
0.079950758
0.079963181
0.079973282
0.079982994
0.079994111
0.080008275
0.080026909
0.080050948
0.080081162
0.080117705
0.080160569
0.080209299
0.080263243
0.080321595
0.08038341
0.080447791
0.080513913
0.080581024
0.08064867
0.080716479
0.080784379
0.080852441
0.080920912
0.080990181
0.081060656
0.0811328
0.081207056
0.081283769
0.081363221
0.081445557
0.081530822
0.081618961
0.08170982
0.0818032
0.081898838
0.081996489
0.08209589
0.082196797
0.082298991
0.082402282
0.082506426
0.082611186
0.082716273
0.082821296
0.082925784
0.08302913
0.083130635
0.083229474
0.083324767
0.083415572
0.083500946
0.083580071
0.083652187
0.083716759
0.083773505
0.083822354
0.083863676
0.083897988
0.08392628
0.083949656
0.083969524
0.083987433
0.084004916
0.084023568
0.084044796
0.084069814
0.084099629
0.084134748
0.084175535
0.084221736
0.084272914
0.084328173
0.084386352
0.084446145
0.084506011
0.084564444
0.084620002
0.084671299
0.084717327
0.084757207
0.084790568
0.084817299
0.084837738
0.084852628
0.084862974
0.084870219
0.084875914
0.084881898
0.08489005
0.084902265
0.0849204
0.084946108
0.084980919
0.085026031
0.085082351
0.085150496
0.085230628
0.08532272
0.085426256
0.085540574
0.085664649
0.085797302
0.085937218
0.086082955
0.086233073
0.086386119
0.086540707
0.086695567
0.086849502
0.087001541
0.08715077
0.087296462
0.087438011
0.087574925
0.087706798
0.087833321
0.087954222
0.088069302
0.088178387
0.088281352
0.088378142
0.088468756
0.088553304
0.088631977
0.088705117
0.088773208
0.088836845
0.088896829
0.088954038
0.089009478
0.08906422
0.089119316
0.089175827
0.089234631
0.089296519
0.089362016
0.089431366
0.089504607
0.089581339
0.089661008
0.089742682
0.089825308
0.089907625
0.089988338
0.090066185
0.090139997
0.090208821
0.090272024
0.090329205
0.090380484
0.090426204
0.090467262
0.090504712
0.090540013
0.090574761
0.090610633
0.090649344
0.090692452
0.090741319
0.090797076
0.090860351
0.090931579
0.091010523
0.091096767
0.09118934
0.091287037
0.091388369
0.09149167
0.091595233
0.091697382
0.091796538
0.091891433
0.091980941
0.092064482
0.092141713
0.092212832
0.092278365
0.092339273
0.092396881
0.092452756
0.09250875
0.092566811
0.092628953
0.09269717
0.092773276
0.092858985
0.092955575
0.093064134
0.093185262
0.093319148
0.093465593
0.093623862
0.09379295
0.093971304
0.094157194
0.094348515
0.094543047
0.094738431
0.0949323
0.095122352
0.095306419
0.095482543
0.095649091
0.09580464
0.095948274
0.096079286
0.096197494
0.096302943
0.096396115
0.096477716
0.096548753
0.09661045
0.09666415
0.096711366
0.096753649
0.096792622
0.0968299
0.096867069
0.096905698
0.096947264
0.096993193
0.09704477
0.097103203
0.097169516
0.097244552
0.09732901
0.097423233
0.097527431
0.097641332
0.0977645
0.097895992
0.098034629
0.098178789
0.098326549
0.098475741
0.098623882
0.098768441
0.098906761
0.09903624
0.099154484
0.099259244
0.09934878
0.099421631
0.099477017
0.099514621
0.099534733
0.099538342
0.099526835
0.099502316
0.09946716
0.099424242
0.0993766
0.099327434
0.099280019
0.099237445
0.099202716
0.099178487
0.099167061
0.099170389
0.099189839
0.099226464
0.099280653
0.099352489
0.099441435
0.099546666
0.099666851
0.099800383
0.099945323
0.100099448
0.100260402
0.10042559
0.100592401
0.100758142
0.100920166
0.10107595
0.101223093
0.101359528
0.101483394
0.101593332
0.101688353
0.101767977
0.101832323
0.101881896
0.101917941
0.101941943
0.101956044
0.101962545
0.101964069
0.101963325
0.101962935
0.101965401
0.101972882
0.10198711
0.10200938
0.10204022
0.102079837
0.102127543
0.102182376
0.102242767
0.102306913
0.102372836
0.102438505
0.10250217
0.102562298
0.102617866
0.1026685
0.102714247
0.102756132
0.10279545
0.102834323
0.10287511
0.10292044
0.102973051
0.103035392
0.10310964
0.103197361
0.103299311
0.103415587
0.103545057
0.103686061
0.103835662
0.103990531
0.104146569
0.104299407
0.10444471
0.10457816
0.104696123
0.104795624
0.104874577
0.104932321
0.104968982
0.104986547
0.104987626
0.104976472
0.104957929
0.104937653
0.10492173
0.104916162
0.104926881
0.104959117
0.105017259
0.105104791
0.105223552
0.105374585
0.10555692
0.105768871
0.106007073
0.106267473
0.10654512
0.106834546
0.107130237
0.107426609
0.107718529
0.108001526
0.108271719
0.108526524
0.108763883
0.108983296
0.109184773
0.109369593
0.109539596
0.109697313
0.109845761
0.10998818
0.110128024
0.110268684
0.11041346
0.110565509
0.110727641
0.11090255
0.111092529
0.111299756
0.111526151
0.111773475
0.112043369
0.112337338
0.112656797
0.113003023
0.11337717
0.113780152
0.114212758
0.114675325
0.115168023
0.115690446
0.116241914
0.116821137
0.117426467
0.118055745
0.11870635
0.119375345
0.120059393
0.120754992
0.121458418
0.122165933
0.122873892
0.123578713
0.124277251
0.124966585
0.125644466
0.1263091
0.12695946
0.127595249
0.128216819
0.128825513
0.129423108
0.13001237
0.130596354
0.131178824
0.131763733
0.132355443
0.132958488
0.133577828
0.134218776
0.134887725
0.135592257
0.136342164
0.137150785
0.138034786
0.139018705
0.140131424
0.141415152
0.142918112
0.144706182
0.146854425
0.149456502
0.152619549
0.156466036
0.161134918
0.166774434
0.173547208
0.181618835
0.191159373
0.202336757
0.215306699
0.230217295
0.247186516
0.26631556
0.287663295
0.311257358
0.337080486
0.365067262
0.395113371
0.427053671
0.460693675
0.495776764
0.532024884
0.569111231
0.606692208
0.644399083
0.681851987
0.718670144
0.754472709
0.788895082
0.821589859
0.852233065
0.880537359
0.906239196
0.929126316
0.949008658
0.965753034
0.979248455
0.989435944
0.996281333
0.999791441
1
0.996969687
0.990790673
0.981571842
0.969448125
0.954566129
0.937095531
0.917213914
0.895117216
0.87100783
0.845101061
0.817618019
0.788786849
0.758840268
0.728012297
0.696538481
0.664651391
0.632579391
0.600545221
0.568760017
0.537427768
0.50673342
0.476853324
0.447939601
0.420133273
0.393549648
0.368289087
0.344428484
0.322025694
0.301119561
0.281727025
0.263851205
0.247472787
0.232562953
0.219073081
0.206947804
0.196117191
0.186506142
0.17803147
0.17060625
0.164141364
0.158546261
0.153732186
0.149612323
0.146103557
0.143128349
0.14061325
0.138493254
0.136707188
0.135203502
0.133934346
0.132860692
0.131947392
0.131166048
0.13049222
0.129905851
0.129390582
0.12893254
0.128520862
0.128146054
0.127800834
0.127478755
0.12717502
0.126885413
0.126607086
0.126337736
0.12607623
0.125821996
0.125575361
0.125337268
0.12510914
0.124892891
0.124690543
0.124504209
0.124335884
0.124187145
0.124059307
0.12395286
0.123867976
0.123803912
0.123759534
0.123733029
0.123722193
0.123724524
0.1237373
0.123757812
0.123783401
0.12381162
0.123840319
0.123867586
0.123892006
0.123912327
0.12392776
0.123937662
0.12394167
0.123939521
0.12393107
0.123916244
0.123895016
0.123867405
0.1238335
0.123793493
0.123747683
0.123696622
0.123641
0.123581842
0.123520353
0.123458076
0.123396705
0.123338136
0.123284346
0.123237266
0.123198764
0.123170427
0.123153543
0.123148991
0.123157097
0.123177808
0.123210352
0.12325366
0.123306063
0.123365684
0.123430373
0.123497919
0.123566245
0.123633392
0.123697882
0.123758591
0.123814984
0.123867124
0.123915537
0.123961402
0.124006151
0.124051681
0.124099885
0.124152678
0.124211827
0.124278548
0.124353802
0.124437651
0.124529699
0.124628701
0.124732781
0.124839536
0.124946001
0.125049075
0.125145447
0.125232009
0.125306065
0.125365278
0.125408323
0.125434375
0.125443923
0.12543802
0.125418941
0.125389589
0.125353617
0.125315169
0.12527859
0.125248349
0.125228635
0.12522324
0.125235409
0.125267427
0.125320973
0.125396399
0.125493515
0.125610807
0.125746271
0.125896959
0.126059509
0.126230174
0.126404955
0.126579955
0.126751382
0.126915799
0.127070232
0.127212189
0.127339936
0.127452186
0.12754855
0.127629017
0.127694423
0.127745901
0.127785219
0.127814399
0.127835799
0.127851958
0.127865451
0.127878926
0.127894885
0.12791565
0.127943307
0.127979542
0.128025743
0.128082688
0.128150842
0.128229949
0.128319458
0.128418106
0.128524344
0.128636159
0.128751257
0.128867225
0.128981506
0.129091735
0.129195724
0.12929167
0.129378286
0.129454827
0.129521331
0.12957834
0.12962736
0.129670233
0.129709623
0.129748415
0.129789846
0.129837207
0.129893536
0.129961717
0.130043881
0.130141631
0.13025565
0.1303857
0.130530712
0.130688546
0.130856455
0.131030774
0.131207578
0.131382505
0.131551211
0.131709644
0.131854021
0.131981487
0.132089712
0.132177651
0.132245025
0.132292794
0.132322817
0.132337825
0.132341397
0.13233748
0.132330498
0.13232484
0.132324785
0.132334324
0.132356695
0.132394761
0.132450202
0.132524249
0.132616913
0.132727695
0.132855161
0.132997362
0.133151859
0.133315832
0.133486352
0.133660381
0.133835
0.134007487
0.134175341
0.134336494
0.134489078
0.13463176
0.134763406
0.134883337
0.13499108
0.135086482
0.13516958
0.135240662
0.135300156
0.135348714
0.135387116
0.135416369
0.135437642
0.135452286
0.13546188
0.135468137
0.135472988
0.135478438
0.135486617
0.135499648
0.135519588
0.135548387
0.13558766
0.135638856
0.135702839
0.135780142
0.135870666
0.135973821
0.136088438
0.136212794
0.136344766
0.136481772
0.136621026
0.136759555
0.136894402
0.137022811
0.137142225
0.137250685
0.137346558
0.137429121
0.137498036
0.137553939
0.137597945
0.137631886
0.137658064
0.137679147
0.137698072
0.13771774
0.137741035
0.137770487
0.137808173
0.137855742
0.137913994
0.137983317
0.138063123
0.138152477
0.138249647
0.138352658
0.138459159
0.138566685
0.138672905
0.13877558
0.138872986
0.138963764
0.139047197
0.139123167
0.139192109
0.139255121
0.139313645
0.13936962
0.139425079
0.13948217
0.139542951
0.139609119
0.139682169
0.139762881
0.139851737
0.1399484
0.140052171
0.140161729
0.140275402
0.140391225
0.140507048
0.140620768
0.140730379
0.140834178
0.14093085
0.141019524
0.141099955
0.141172298
0.141237441
0.141296581
0.141351487
0.141404153
0.141456855
0.141511933
0.141571698
0.141638365
0.141713845
0.141799799
0.141897423
0.142007524
0.142130411
0.14226592
0.142413471
0.142571976
0.142740075
0.142915981
0.143097754
0.143283209
0.143470114
0.143656231
0.143839373
0.144017592
0.144189091
0.144352511
0.144506736
0.144651204
0.144785661
0.144910416
0.14502613
0.145133883
0.145235052
0.145331225
0.145424161
0.145515574
0.145607095
0.145700139
0.14579575
0.145894671
0.145997037
0.146102704
0.146210883
0.146320558
0.146430324
0.146538602
0.146643834
0.14674446
0.146839327
0.146927511
0.147008713
0.147083124
0.147151558
0.147215405
0.147276503
0.147337194
0.147399934
0.147467372
0.147541999
0.147625995
0.147721215
0.147828732
0.147949234
0.148082404
0.148227525
0.148382992
0.148546866
0.148716742
0.148890009
0.149064075
0.14923639
0.149404824
0.149567564
0.149723367
0.149871526
0.150011832
0.150144648
0.150270654
0.150390929
0.150506598
0.150618903
0.150728977
0.150837681
0.150945697
0.15105325
0.151160341
0.151266516
0.151371131
0.151473252
0.151571837
0.15166578
0.151754
0.151835529
0.151909513
0.151975354
0.152032617
0.152081094
0.152120811
0.152151922
0.152174846
0.152190043
0.152198204
0.152200072
0.152196645
0.152188955
0.15217831
0.152166104
0.152154026
0.152143852
0.152137595
0.15213736
0.152145267
0.152163493
0.152193943
0.152238375
0.152298059
0.152373848
0.152465977
0.152574047
0.152696988
0.152833005
0.152979776
0.153134382
0.153293613
0.153453986
0.153612019
0.153764431
0.153908228
0.154041107
0.154161183
0.154267657
0.154360239
0.154439691
0.154507373
0.154565407
0.154616368
0.154663176
0.154708969
0.15475672
0.154809331
0.154869179
0.154938221
0.1550178
0.155108532
0.155210527
0.155323076
0.155445201
0.155575288
0.155711613
0.155852255
0.155995345
0.156139232
0.156282413
0.156423997
0.156563261
0.156700166
0.156834932
0.156968228
0.157100945
0.157234151
0.157368916
0.157506148
0.1576465
0.157790224
0.157937086
0.158086306
0.158236487
0.158385797
0.158531825
0.158671922
0.158803152
0.158922629
0.159027707
0.159116009
0.159185903
0.159236266
0.159267169
0.159279229
0.159274387
0.159255127
0.159224967
0.15918788
0.159148272
0.159110768
0.159079701
0.159059262
0.15905277
0.15906298
0.159091508
0.159139005
0.159205091
0.159288279
0.159386429
0.159496439
0.15961501
0.159738459
0.159863213
0.159986064
0.160104145
0.160215534
0.160318761
0.160413592
0.16050019
0.160579805
0.160654016
0.160724944
0.160794893
0.160866094
0.160940667
0.161020282
0.161106209
0.161199027
0.161298845
0.161405138
0.161516926
0.161632975
0.161751745
0.161871821
0.161991824
0.162110685
0.162227805
0.162342893
0.162456313
0.162568663
0.162681049
0.162794687
0.162910918
0.163031012
0.163155857
0.163286144
0.163421816
0.163562476
0.163706835
0.16385328
0.163999525
0.164142942
0.164280736
0.164409934
0.16452787
0.164632095
0.164720742
0.164792522
0.164846947
0.164884288
0.164905598
0.164912761
0.164908227
0.164895079
0.164876726
0.164856904
0.164839367
0.164827796
0.164825729
0.164836247
0.164862163
0.164905616
0.164968419
0.165051644
0.165156014
0.165281549
0.165427957
0.165594297
0.165779371
0.165981456
0.166198575
0.166428317
0.166668015
0.166914768
0.167165383
0.167416634
0.16766511
0.16790751
0.168140589
0.168361408
0.168567374
0.168756347
0.168926894
0.16907809
0.169210027
0.169323283
0.169419547
0.169500903
0.169570363
0.169631262
0.169687355
0.169742542
0.169800648
0.169865338
0.169939676
0.170026364
0.170127125
0.170243139
0.170374513
0.17052074
0.170680424
0.170851624
0.17103191
0.171218507
0.171408587
0.171599337
0.171788237
0.171973148
0.172152418
0.172325033
0.172490484
0.172648989
0.172801092
0.172947936
0.173090826
0.173231286
0.173370822
0.173510738
0.173652141
0.173795648
0.173941603
0.17408968
0.174239335
0.174389407
0.174538645
0.174685507
0.174828434
0.174966101
0.17509733
0.175221505
0.175338407
0.175448598
0.175553114
0.175653785
0.175752914
0.175853258
0.175957937
0.176070051
0.17619272
0.176328556
0.176479643
0.176647271
0.176831655
0.177032035
0.177246307
0.177471406
0.177702925
0.177935786
0.178163968
0.178381269
0.178581287
0.178757855
0.178905696
0.17902015
0.179098387
0.179138503
0.179141005
0.179107491
0.179042003
0.178949548
0.178837089
0.178712262
0.178583572
0.178459778
0.17834926
0.178260033
0.178198698
0.178170824
0.178179946
0.178228078
0.178315056
0.178439067
0.178596539
0.178782392
0.178990607
0.179214237
0.179446227
0.179679487
0.179907506
0.180124607
0.180326185
0.180509155
0.180671559
0.180813307
0.18093525
0.181039911
0.181130444
0.181211057
0.18128621
0.181360621
0.181438803
0.181524784
0.181622118
0.181733253
0.181860021
0.182002911
0.182161761
0.182335191
0.182521263
0.182717254
0.182920064
0.183126302
0.18333254
0.183535478
0.183732085
0.183919807
0.184096538
0.184260829
0.184411771
0.18454904
0.184672797
0.184783642
0.184882444
0.184970311
0.185048385
0.185117772
0.185179487
0.185234311
0.185282806
0.185325316
0.185361968
0.185392762
0.185417553
0.185436324
0.185449055
0.185456001
0.185457687
0.185454894
0.185448837
0.185440948
0.185433059
0.185427038
0.185424953
0.185428779
0.185440277
0.18546097
0.1854918
0.185533422
0.185585688
0.185648147
0.185719583
0.185798546
0.185883166
0.185971451
0.186061439
0.186151283
0.186239531
0.186325058
0.186407448
0.186486628
0.186563287
0.186638496
0.186713759
0.186790889
0.186871756
0.186958299
0.187052205
0.187154925
0.187267529
0.187390615
0.18752442
0.187668743
0.187823113
0.187986768
0.188158839
0.188338436
0.188524743
0.188716998
0.18891464
0.18911716
0.189324123
0.18953504
0.189749312
0.189965978
0.190183841
0.190401088
0.190615523
0.1908243
0.191024335
0.191212039
0.191383765
0.191535995
0.191665429
0.191769563
0.191846476
0.191895678
0.191917459
0.191913904
0.191888007
0.191844373
0.19178837
0.1917264
0.191665338
0.19161211
0.191573663
0.191555998
0.191564595
0.19160326
0.191674823
0.191780046
0.191918475
0.192087752
0.192284251
0.192503057
0.192738258
0.192983342
0.193231401
0.193475705
0.193709691
0.193927608
0.194124434
0.194296323
0.194440537
0.194555589
0.194641262
0.194698407
0.194729056
0.194736002
0.194722927
0.194693946
0.194653612
0.19460655
0.194557476
0.194510831
0.194470787
0.194441081
0.194424886
0.194424904
0.194443058
0.194480853
0.194538959
0.194617722
0.19471676
0.194835385
0.194972418
0.195126444
0.195295757
0.195478474
0.195672615
0.195876096
0.196086814
0.1963027
0.196521615
0.196741491
0.196960315
0.197176074
0.197386828
0.197590672
0.197785847
0.197970649
0.198143626
0.198303473
0.198449247
0.198580241
0.19869629
0.198797577
0.198884882
0.198959401
0.199022985
0.199077881
0.199126865
0.199173002
0.199219629
0.199270282
0.199328334
0.199397122
0.199479458
0.199577843
0.199693911
0.199828749
0.199982394
0.200154138
0.200342259
0.200544235
0.20075682
0.200976043
0.201197588
0.201416793
0.201629106
0.201830103
0.202015902
0.202183293
0.202329992
0.202454783
0.202557503
0.202639367
0.202702552
0.202750502
0.202787372
0.202818239
0.202848344
0.202883237
0.202928177
0.202987879
0.203066315
0.203166315
0.203289583
0.203436245
0.203605342
0.203794206
0.203999374
0.204216076
0.204439144
0.20466281
0.204881453
0.205089831
0.205283229
0.205458128
0.205611864
0.205743492
0.205853013
0.205942095
0.206013259
0.206070313
0.206117484
0.206159595
0.20620147
0.206247625
0.206302231
0.206368444
0.206448803
0.206544505
0.206656039
0.206782607
0.206922831
0.207074445
0.207234872
0.207401248
0.207570689
0.20774062
0.2079087
0.208073263
0.208233001
0.208387408
0.208536319
0.208680189
0.208819688
0.208955741
0.20908931
0.209221282
0.209352384
0.209483106
0.209613646
0.20974395
0.209873765
0.210002691
0.210130293
0.210256226
0.210380274
0.210502562
0.210623363
0.210743421
0.21086366
0.210985205
0.211109343
0.21123718
0.211369806
0.211507745
0.211651216
0.21179971
0.211952158
0.212106746
0.212261171
0.21241253
0.212557706
0.212693469
0.212816664
0.212924716
0.213015484
0.213087972
0.213141944
0.213178541
0.213199869
0.213209354
0.21321124
0.213210587
0.213212981
0.213224116
0.213249706
0.213294718
0.213363651
0.213459661
0.213584888
0.213739929
0.213924132
0.214135303
0.214370159
0.21462422
0.214892246
0.215168451
0.215446724
0.215721043
0.215985569
0.216235078
0.216464947
0.216671457
0.216851688
0.217003774
0.217126678
0.217220313
0.21728531
0.217323123
0.2173358
0.21732597
0.217296736
0.217251633
0.217194614
0.217129907
0.217062098
0.216995921
0.216936382
0.216888467
0.21685722
0.216847427
0.216863658
0.216909886
0.216989483
0.217104879
0.217257581
0.217447842
0.217674736
0.217936016
0.218228198
0.218546695
0.218885849
0.219239366
0.219600373
0.219961997
0.220317437
0.22066058
0.22098606
0.221289758
0.221568847
0.221822056
0.222049622
0.222253266
0.222436073
0.222602213
0.222756765
0.222905132
0.223053046
0.223205766
0.223368152
0.223543958
0.223736051
0.223945825
0.224173463
0.22441784
0.224676653
0.22494662
0.225223695
0.225503473
0.225781238
0.226052546
0.226313191
0.226559636
0.226788997
0.226999188
0.227188977
0.227357892
0.227506151
0.227634623
0.227744597
0.227837724
0.227915979
0.227981412
0.228036272
0.228082917
0.228123794
0.228161553
0.228198966
0.228239064
0.228285092
0.228340479
0.228408795
0.228493597
0.228598439
0.22872644
0.228880393
0.229062348
0.229273627
0.229514504
0.229784362
0.230081477
0.230403203
0.230746111
0.23110612
0.231478897
0.231859944
0.232245181
0.232630907
0.23301442
0.233393835
0.233768534
0.234138936
0.234506581
0.234873899
0.235243974
0.235620287
0.236006303
0.236405268
0.236819594
0.237251076
0.237700005
0.238165745
0.23864603
0.239137559
0.239635707
0.240135071
0.240629538
0.241112652
0.241578011
0.242019396
0.242431364
0.242809092
0.243148989
0.243448245
0.243705444
0.24391997
0.244092294
0.244223505
0.244315289
0.24436966
0.244388684
0.244374447
0.244328673
0.244252885
0.244148115
0.244015163
0.243854482
0.243666343
0.24345111
0.243209199
0.242941464
0.242649154
0.242334266
0.241999338
0.241647833
0.241283671
0.240911601
0.240536629
0.240164106
0.239799454
0.239447805
0.239114055
0.238802304
0.238516197
0.238258291
0.238030544
0.2378339
0.23766883
0.237534989
0.237431816
0.237358403
0.237313753
0.237296996
0.237307278
0.237343967
0.237406444
0.237494166
0.237606371
0.237741971
0.237899387
0.238076282
0.238269608
0.238475265
0.23868854
0.238903719
0.239114781
0.239315324
0.239499146
0.239660571
0.239794738
0.239898256
0.23996904
0.240007124
0.240013962
0.239993214
0.239949689
0.239889823
0.239820491
0.239749109
0.239682697
0.239627528
0.2395887
0.239569621
0.23957207
0.239595718
0.239638772
0.239697622
0.239767861
0.239844158
0.239921307
0.239994357
0.240059464
0.240113961
0.24015687
0.240188916
0.240212437
0.240231298
0.240250377
0.240275295
0.240311621
0.240364704
0.240438679
0.240536593
0.24065948
0.240806868
0.240976127
0.241163196
0.241362506
0.241567638
0.241771863
0.241968416
0.242151622
0.242316602
0.242460616
0.242582252
0.242682632
0.242764333
0.242832088
0.242891663
0.242950005
0.243014369
0.243091826
0.243189051
0.243311194
0.243462481
0.243644762
0.243858671
0.244102395
0.244372979
0.244665506
0.244974319
0.245292743
0.245613943
0.245931116
0.246237825
0.246528557
0.246798524
0.247044442
0.247263828
0.24745583
0.247620374
0.247758731
0.247872767
0.247965277
0.248039397
0.248098773
0.248147159
0.248188435
0.248226448
0.248264913
0.248307387
0.248357097
0.248417017
0.248489668
0.248577118
0.248680908
0.248801926
0.24894041
0.24909585
0.249267032
0.249451942
0.249647934
0.249851778
0.250059757
0.250267917
0.250472196
0.250668786
0.250854096
0.251025296
0.251180101
0.251317351
0.251436593
0.251538497
0.251624496
0.251696857
0.251758337
0.25181209
0.251861383
0.251909315
0.251958771
0.252011963
0.252070722
0.25213601
0.252208426
0.252287823
0.252373859
0.252465897
0.252563357
0.252665896
0.252773458
0.252886588
0.253006192
0.253133849
0.253271389
0.253420899
0.2535845
0.253763934
0.253960542
0.254174723
0.254406061
0.25465285
0.254912443
0.255180922
0.255453609
0.255725063
0.255989625
0.256241528
0.25647564
0.256687446
0.256873735
0.25703253
0.257163487
0.257267749
0.257347908
0.257407828
0.257452278
0.257486682
0.257516496
0.257547109
0.257583109
0.257628411
0.257685502
0.257755923
0.257839745
0.257936154
0.258043263
0.258158714
0.258279842
0.258404052
0.258529261
0.25865387
0.25877741
0.258900007
0.259023093
0.259148555
0.259279095
0.25941756
0.25956678
0.259729238
0.259906568
0.260099604
0.260307728
0.260529345
0.260761317
0.260999691
0.261239408
0.261475043
0.26170094
0.261911839
0.262103097
0.262271232
0.262414177
0.262531496
0.262624477
0.262696058
0.262750792
0.262794426
0.262833599
0.262875293
0.262926598
0.262993718
0.26308222
0.263195785
0.263336898
0.26350565
0.263700752
0.263918706
0.264154886
0.264403234
0.264657169
0.264909889
0.265154792
0.265386274
0.26559964
0.265792022
0.265961807
0.26610954
0.266236852
0.266347171
0.266444595
0.26653404
0.26662042
0.266708395
0.266801921
0.266903825
0.267015794
0.26713801
0.267269474
0.267407867
0.267550105
0.26769236
0.267830771
0.267961474
0.268081332
0.268187861
0.268279772
0.26835674
0.268419725
0.268470559
0.268512035
0.268547454
0.268580442
0.268614682
0.268653492
0.268699956
0.268756321
0.268824475
0.268905378
0.268999683
0.269107408
0.269228427
0.26936234
0.269508821
0.26966758
0.269838436
0.270021333
0.270216218
0.270422928
0.270641135
0.270870097
0.271108544
0.27135459
0.271605677
0.271858614
0.272109574
0.272354314
0.272588408
0.272807341
0.273007051
0.273183854
0.273335123
0.273459044
0.273555271
0.273624495
0.273669054
0.273692159
0.273698488
0.273693374
0.273682964
0.273673642
0.273671883
0.273683907
0.273715191
0.273770559
0.273853475
0.273966423
0.274110202
0.274284486
0.274487241
0.274715496
0.274964879
0.275230438
0.275506444
0.275787092
0.27606658
0.276339611
0.276601543
0.27684884
0.277078963
0.277290769
0.277484203
0.277660535
0.277821797
0.277970781
0.278110606
0.27824432
0.278374733
0.278503768
0.278632748
0.278761583
0.278889421
0.279014103
0.279132928
0.279242503
0.279339383
0.279420413
0.279483017
0.279525781
0.279548487
0.279552549
0.279540761
0.279517475
0.279488077
0.279458988
0.27943679
0.279428175
0.279438984
0.279474312
0.27953746
0.279630405
0.279752966
0.279903527
0.2800785
0.280273258
0.280482071
0.280698809
0.280917325
0.281131779
0.2813374
0.281530218
0.281707892
0.281869099
0.28201422
0.282144452
0.282262279
0.282370585
0.282472833
0.282572452
0.28267276
0.282776677
0.282886633
0.283004388
0.283131173
0.283267481
0.2834134
0.283568441
0.283731824
0.283902371
0.284078668
0.284259099
0.284441815
0.284624785
0.284805796
0.284982491
0.285152494
0.285313429
0.28546303
0.285599482
0.285721353
0.285828045
0.285919721
0.285997667
0.286064152
0.286122549
0.286177192
0.28623314
0.286295907
0.286371152
0.286464024
0.286579131
0.286719591
0.286887291
0.287081868
0.287301471
0.287541732
0.287797008
0.288059684
0.288321399
0.288573139
0.288806
0.28901193
0.289183982
0.28931746
0.289409499
0.289460206
0.289471831
0.289449506
0.289400177
0.289332803
0.289257214
0.289183946
0.289123083
0.289084092
0.289074625
0.289100813
0.289165974
0.289271595
0.289416136
0.289596386
0.289806795
0.290040762
0.29029058
0.290548323
0.290806411
0.291057897
0.291297269
0.291520282
0.291724652
0.291909545
0.292076011
0.292226246
0.292363769
0.292492586
0.292617232
0.29274195
0.292870749
0.293006748
0.293152359
0.29330876
0.293476351
0.293654388
0.293841566
0.294035816
0.294234927
0.294436522
0.294638371
0.294838661
0.295035922
0.295229374
0.295418673
0.295604092
0.295786209
0.295965987
0.296144514
0.296322878
0.296502076
0.296682924
0.296865966
0.29705153
0.297239668
0.297430346
0.297623381
0.297818593
0.298015962
0.298215563
0.298417702
0.298622852
0.298831683
0.299044885
0.299263202
0.299487158
0.299717063
0.299952808
0.30019383
0.300439023
0.300686773
0.300934959
0.301181041
0.30142228
0.301655776
0.301878826
0.30208889
0.302284029
0.302462701
0.302624271
0.302768594
0.302896432
0.303008963
0.303107984
0.303195506
0.303273761
0.303344817
0.303410594
0.303472582
0.303531849
0.303588994
0.303644181
0.303697227
0.303747753
0.303795414
0.303839991
0.303881757
0.303921383
0.303960447
0.304001017
0.304046084
0.304099094
0.304164056
0.304245086
0.30434621
0.304471055
0.304622451
0.304802175
0.305010662
0.305246787
0.305507976
0.305789875
0.306086828
0.306391941
0.306697344
0.306994768
0.30727587
0.307532887
0.307758676
0.307947866
0.308096252
0.308202127
0.308265348
0.308288344
0.308275141
0.308231942
0.308166074
0.308086241
0.308001547
0.307921352
0.30785454
0.307809455
0.307792916
0.307810652
0.307866328
0.307962193
0.308098355
0.308273618
0.308484897
0.30872835
0.308998896
0.309291097
0.309599293
0.309917972
0.310242055
0.310567154
0.310889713
0.311207014
0.311517277
0.31181967
0.312113902
0.312400336
0.312679624
0.312952565
0.31321992
0.313482124
0.313739287
0.313991081
0.314236637
0.314474721
0.314703665
0.314921582
0.315126442
0.315316322
0.315489444
0.315644358
0.315780121
0.315896189
0.315992707
0.316070218
0.316129921
0.316173337
0.316202354
0.316219148
0.316226148
0.316225822
0.316220671
0.316213236
0.316206054
0.316201556
0.316202209
0.316210334
0.316228216
0.316257994
0.316301701
0.316361077
0.316437573
0.316532168
0.316645552
0.316777615
0.316927778
0.317094662
0.317276417
0.317470395
0.317673586
0.3178824
0.318093171
0.318301948
0.318504922
0.318698538
0.318879567
0.31904529
0.319193676
0.3193232
0.319433283
0.319523743
0.319595306
0.319649133
0.319687109
0.319711447
0.319724867
0.31973038
0.31973136
0.319731178
0.3197335
0.319741951
0.319760086
0.319791316
0.319838759
0.319905062
0.319992512
0.320102559
0.320236109
0.320393019
0.32057238
0.320772306
0.320990079
0.321222069
0.321464034
0.321711041
0.321958012
0.322199505
0.322430371
0.322645677
0.322841215
0.323013467
0.323160148
0.323279915
0.323373023
0.323440778
0.323486226
0.32351332
0.323527502
0.323534974
0.323542772
0.323558151
0.323588547
0.32364085
0.323721299
0.323834755
0.323984846
0.324172948
0.324399026
0.32466036
0.324952742
0.32526968
0.325603592
0.325945412
0.326285854
0.32661545
0.326925605
0.327208846
0.327459625
0.327674423
0.327852515
0.327995351
0.328107356
0.328194734
0.328265861
0.328330025
0.328397199
0.32847725
0.328578954
0.328709748
0.328874818
0.329077175
0.329316964
0.329591864
0.329897122
0.330225848
0.330569698
0.330919389
0.331265199
0.331598096
0.331909556
0.332192979
0.332443214
0.332657468
0.332834725
0.332976292
0.333084852
0.333164866
0.33322134
0.333260041
0.333286556
0.333306215
0.333323335
0.333341579
0.333363052
0.333389167
0.333419961
0.333454926
0.333492939
0.333532692
0.333573134
0.333613649
0.333654345
0.333696311
0.333741541
0.33379301
0.333854526
0.333930333
0.334025001
0.334142846
0.334287894
0.334462903
0.334669902
0.334909038
0.335179295
0.335477807
0.335800403
0.336141497
0.336494633
0.336852485
0.337207616
0.337552519
0.337880229
0.338184327
0.338459589
0.338701626
0.33890761
0.339075764
0.33920576
0.339298287
0.339355378
0.339380043
0.33937627
0.339349031
0.339303946
0.339247544
0.33918679
0.339129264
0.339082619
0.33905469
0.339053022
0.339084505
0.339155161
0.339269742
0.339431366
0.339641304
0.339898721
0.340200932
0.340542861
0.340917977
0.341318012
0.341733825
0.342155659
0.342573866
0.34297945
0.343364433
0.343722574
0.344049305
0.344342231
0.34460099
0.344827105
0.34502384
0.345195765
0.345348394
0.345487712
0.345619703
0.345750061
0.345883721
0.346024779
0.346176066
0.346339396
0.346515238
0.346702942
0.346900946
0.347106604
0.34731665
0.34752735
0.347734494
0.347933913
0.348121472
0.348293433
0.348446534
0.348578452
0.348687737
0.348774172
0.348838734
0.348883674
0.348912546
0.348929848
0.348941019
0.348951864
0.348968331
0.348996115
0.349040076
0.349104022
0.349190384
0.34930014
0.349432566
0.349585631
0.349756069
0.349939928
0.350132782
0.35033046
0.350529117
0.350726214
0.350920084
0.351110653
0.351298791
0.351486749
0.351677245
0.351873545
0.352078477
0.352294581
0.352523125
0.352764401
0.353017103
0.353278908
0.353546154
0.35381467
0.354079703
0.354336902
0.35458235
0.354813252
0.355027941
0.355226345
0.355409587
0.35558017
0.355741287
0.355896781
0.356050571
0.356205993
0.356365913
0.356531962
0.356704722
0.356883575
0.35706689
0.357252308
0.357437001
0.357618103
0.357793039
0.357959778
0.358117195
0.358265
0.358403882
0.358535147
0.358660718
0.358782698
0.358903155
0.359023575
0.359145084
0.359267789
0.359391184
0.359513853
0.359634056
0.359749652
0.359858756
0.359959916
0.360052516
0.360137028
0.36021512
0.360289657
0.360364702
0.360445079
0.360535939
0.360642431
0.360768836
0.360918527
0.361092738
0.361290924
0.361510074
0.361744785
0.361987512
0.362228933
0.362458457
0.362665057
0.36283789
0.362967595
0.363046376
0.363069626
0.363035459
0.362945905
0.362806334
0.362625522
0.362415113
0.362188744
0.361961433
0.361748485
0.361564227
0.361421754
0.361331112
0.36129981
0.361331511
0.36142665
0.361582145
0.361792191
0.362048556
0.362341627
0.362661031
0.362996721
0.36333923
0.363680941
0.364015688
0.364339843
0.364651485
0.364950759
0.36523926
0.365519636
0.365795152
0.366069036
0.366344117
0.366622534
0.366905304
0.367192463
0.367482706
0.367774108
0.368063625
0.368348064
0.368623833
0.368887525
0.369136055
0.369366921
0.369578201
0.369768842
0.369938338
0.370087013
0.370215776
0.370325968
0.370419475
0.370498437
0.370565285
0.370622702
0.370673482
0.370720671
0.370767388
0.370816971
0.370872756
0.370938189
0.371016716
0.37111171
0.371226327
0.37136336
0.371525275
0.371713848
0.371930242
0.372174674
0.372446635
0.372744385
0.373065385
0.373406081
0.37376201
0.374128095
0.374498787
0.374868317
0.375231138
0.37558228
0.375917715
0.376234617
0.376531932
0.376810349
0.377072445
0.377322825
0.377567656
0.377814626
0.378072369
0.378349771
0.378655646
0.378997756
0.379382666
0.379814764
0.380296373
0.380827456
0.381405619
0.382026582
0.382684432
0.383372424
0.384083521
0.384811084
0.385549711
0.386295447
0.387046369
0.387802514
0.388565769
0.389339651
0.390128586
0.390937324
0.39177022
0.392630318
0.393518999
0.394435136
0.395375032
0.396332228
0.397297659
0.398260115
0.399206684
0.400123438
0.400996268
0.401811354
0.402556256
0.403220018
0.403793865
0.404271339
0.404648341
0.404923241
0.405096436
0.405170393
0.405148956
0.405037495
0.404842175
0.404569996
0.404228321
0.403824877
0.403367533
0.402864234
0.402322814
0.401750963
0.401156079
0.400545308
0.399925325
0.399302295
0.398681949
0.398069328
0.39746904
0.396885146
0.396321238
0.395780435
0.395265674
0.394779386
0.394323711
0.393900318
0.393510366
0.393154328
0.392831805
0.392541527
0.392280991
0.392046824
0.391834347
0.391638446
0.391453173
0.391272688
0.391091368
0.390904535
0.390708635
0.390501889
0.390284153
0.390057567
0.389825649
0.389593731
0.389367979
0.38915514
0.388961742
0.388793588
0.388655141
0.388549374
0.38847705
0.388437587
0.388428229
0.388445385
0.388484449
0.388540778
0.38861002
0.388688801
0.388774764
0.388867255
0.388966602
0.389074545
0.389193406
0.389325832
0.389474108
0.389639831
0.389823291
0.39002329
0.390237
0.390460177
0.390687162
0.390911608
0.39112695
0.391326804
0.391505875
0.391660245
0.391787739
0.3918885
0.391964416
0.392019802
0.392060389
0.392093469
0.392126874
0.392168876
0.392227309
0.392309246
0.392420054
0.392563833
0.392742142
0.3929548
0.393199051
0.393470395
0.393762161
0.394066476
0.394374165
0.39467576
0.394961649
0.395223055
0.395452181
0.395643293
0.395792549
0.395898824
0.395963423
0.395990372
0.395986056
0.395958817
0.39591841
0.395875465
0.395840572
0.395823815
0.395833681
0.395877025
0.395958236
0.396079164
0.396239229
0.396435166
0.396662042
0.396913003
0.397180503
0.397456381
0.397732913
0.398002952
0.398260768
0.398502007
0.398724313
0.398926888
0.399111
0.399279262
0.399435954
0.399586262
0.399736352
0.399892645
0.400061668
0.400249553
0.400461812
0.400702653
0.400975049
0.401280054
0.401616759
0.401982155
0.402371055
0.402776313
0.403188898
0.403598689
0.403994662
0.404366006
0.404702639
0.404996146
0.405240432
0.405432633
0.405572894
0.405665748
0.405718378
0.405741918
0.40574939
0.405755737
0.405776121
0.40582516
0.405915149
0.406056062
0.40625316
0.406508183
0.406817286
0.40717307
0.407563312
0.407973358
0.408386124
0.408784309
0.409150974
0.409471974
0.409735775
0.4099361
0.410070884
0.410144007
0.410164028
0.410144152
0.410101207
0.410054054
0.410022571
0.410025799
0.410080423
0.410199719
0.410392174
0.410660762
0.41100338
0.411411757
0.411873671
0.412372436
0.412889591
0.413405294
0.413900723
0.414358719
0.414765972
0.415112724
0.41539466
0.415611308
0.415767383
0.415870429
0.415930966
0.415960346
0.415970211
0.415970647
0.415969921
0.415972968
0.41598229
0.415996689
0.416013084
0.416026287
0.416030639
0.416020483
0.415991793
0.415942138
0.415872243
0.415785083
0.415686825
0.415585374
0.415490525
0.415412252
0.415360529
0.415343482
0.415367602
0.415436046
0.415549575
0.415705396
0.415898431
0.416121172
0.416364878
0.416620046
0.416877608
0.417129112
0.417367958
0.41758914
0.417789864
0.417969334
0.418128492
0.418269877
0.418397008
0.418514091
0.418625698
0.418736252
0.418849999
0.418970854
0.419102192
0.419247132
0.419408249
0.4195879
0.419787935
0.420009951
0.420254818
0.420522862
0.420813576
0.421125254
0.421455286
0.421799608
0.42215318
0.42250958
0.42286181
0.42320207
0.42352249
0.423815379
0.424073812
0.424291838
0.424465214
0.424591256
0.424669421
0.424701339
0.424690639
0.424643124
0.424566266
0.424469276
0.424362385
0.424256691
0.424163474
0.424093906
0.424058215
0.424065505
0.424122778
0.42423511
0.424404569
0.424630647
0.424909572
0.425234707
0.425596875
0.425984324
0.426383996
0.426781637
0.427163138
0.427515004
0.427825594
0.428085369
0.428288233
0.428430816
0.428513949
0.428541189
0.428519607
0.428458345
0.428368465
0.428261647
0.428149859
0.428043983
0.427953813
0.42788682
0.427848554
0.427842207
0.427868721
0.427927335
0.428015728
0.428130744
0.428268647
0.428425665
0.428598388
0.428783807
0.428979599
0.42918395
0.429395593
0.429613474
0.429836687
0.430064289
0.430295191
0.430527943
0.430761094
0.430993012
0.431222174
0.431447236
0.431667439
0.431882454
0.432092646
0.432299102
0.432503345
0.43270737
0.43291339
0.433123437
0.433339323
0.433562246
0.433792713
0.434030507
0.43427443
0.434522816
0.434773232
0.435023031
0.435269313
0.435509356
0.435740693
0.435961222
0.43616931
0.436364014
0.43654468
0.436711238
0.436863939
0.437003366
0.437130351
0.437245984
0.437351714
0.437449139
0.43754047
0.43762821
0.437715333
0.437805286
0.437901767
0.438008622
0.43812955
0.438267816
0.438425994
0.4386055
0.43880637
0.439027334
0.439265237
0.439515762
0.439773034
0.440030487
0.440281048
0.440517899
0.440734692
0.440926675
0.441090403
0.441224933
0.441331135
0.441412455
0.441474189
0.441523481
0.441568675
0.441618838
0.441683183
0.441770343
0.44188797
0.442042014
0.442236645
0.442473605
0.442752531
0.44307023
0.443421589
0.443798991
0.444192932
0.444592423
0.444985095
0.445357963
0.44569786
0.445991983
0.446228652
0.446398111
0.446492743
0.446508593
0.446444684
0.446304822
0.446096371
0.44583141
0.445525535
0.445197608
0.444868664
0.444560831
0.444295833
0.44409373
0.443971315
0.443940992
0.44400998
0.444178859
0.444442949
0.444790609
0.44520595
0.445668408
0.446155457
0.446643486
0.447110296
0.447535902
0.447905216
0.448207645
0.448439164
0.448601223
0.448701042
0.448750588
0.448764915
0.448761252
0.448756899
0.448767889
0.448807606
0.448885952
0.449008041
0.449175469
0.449384826
0.449630092
0.449902416
0.450192223
0.45048961
0.450786309
0.451075753
0.451354497
0.451621634
0.45187945
0.452132115
0.452385578
0.452646223
0.452920143
0.453211981
0.453524493
0.453857862
0.454209583
0.454574979
0.454947122
0.455318212
0.455679836
0.456024412
0.456345594
0.456639318
0.456903735
0.457139969
0.45735114
0.457542688
0.457721033
0.457893213
0.458065646
0.458243774
0.458430861
0.458628357
0.458834849
0.459047072
0.45925973
0.459466475
0.459660309
0.459834918
0.459984754
0.460106336
0.460198283
0.460261612
0.460299806
0.460318377
0.460324543
0.460326429
0.460332414
0.460350404
0.46038722
0.460447756
0.460535134
0.46064975
0.460790193
0.460952615
0.461131686
0.461320767
0.461512642
0.461700055
0.461876261
0.462035636
0.46217383
0.46228841
0.462378508
0.462445356
0.462491493
0.462521054
0.462538935
0.462550832
0.462562258
0.462578689
0.462604659
0.462643868
0.462698782
0.462770636
0.462859464
0.462964215
0.463083076
0.463213688
0.463353586
0.463500303
0.463651953
0.463806976
0.463964647
0.464124748
0.464287642
0.464453982
0.464624384
0.464799247
0.464978644
0.465161777
0.465347377
0.465533267
0.465716908
0.465895471
0.4660662
0.466226808
0.466375919
0.466513206
0.466639756
0.466758
0.46687171
0.466985747
0.467105514
0.467236562
0.467384113
0.467552339
0.467743923
0.467959991
0.468199199
0.468458647
0.468733075
0.46901599
0.469299595
0.469575618
0.469835755
0.470072461
0.470279207
0.470451132
0.470585372
0.47068091
0.470739198
0.470763464
0.470759075
0.470732851
0.470693025
0.470648701
0.470609492
0.470585118
0.470584864
0.470617109
0.470688817
0.47080532
0.470969339
0.47118138
0.471438724
0.471736112
0.4720652
0.472415507
0.472774447
0.47312849
0.47346389
0.473767697
0.474028995
0.474239368
0.474394463
0.474493339
0.474539875
0.474541362
0.474508972
0.474455907
0.474397075
0.474347129
0.474319854
0.474326346
0.474374877
0.474469762
0.47461151
0.474797364
0.475021266
0.475275672
0.475551986
0.475842228
0.476139543
0.476439759
0.476740955
0.477044545
0.477353975
0.477675047
0.47801411
0.478377693
0.478770691
0.479196116
0.479653604
0.480139384
0.480646165
0.481163102
0.481677065
0.482172856
0.482635096
0.483048805
0.483401107
0.483681592
0.483884167
0.484006219
0.484050071
0.484021925
0.483931864
0.483793235
0.483621455
0.483433389
0.483246084
0.483076009
0.482937852
0.482844163
0.482804047
0.482823525
0.482904482
0.483045251
0.483240535
0.483481666
0.483757726
0.484055657
0.484361786
0.484662293
0.484944773
0.48519849
0.485415935
0.485592576
0.48572794
0.485825075
0.485890471
0.485933525
0.485965553
0.485998959
0.486046002
0.486118001
0.486224021
0.486370883
0.486561742
0.486797106
0.487074073
0.487387347
0.487729711
0.488092822
0.488467938
0.488846827
0.489222125
0.489587811
0.489939388
0.490273663
0.490588715
0.490883201
0.49115625
0.491406739
0.491633252
0.491833687
0.492005612
0.492146163
0.492252728
0.492323203
0.492356935
0.49235465
0.492319467
0.492256609
0.492173657
0.492080186
0.491987114
0.491906302
0.491849429
0.491827448
0.491849465
0.491922515
0.492050625
0.492235282
0.49247478
0.492765095
0.493100168
0.493472419
0.49387347
0.49429476
0.494727765
0.49516447
0.495597367
0.49601931
0.496423407
0.496802767
0.497150209
0.497458369
0.497719522
0.49792634
0.498071969
0.498151112
0.498160761
0.498100623
0.497974544
0.497789706
0.497557897
0.497294024
0.497015897
0.496742557
0.496493084
0.496284597
0.496131061
0.496041653
0.496019781
0.496063307
0.496163741
0.496308355
0.496480389
0.496661745
0.496834214
0.496982273
0.497093517
0.497161453
0.497184812
0.497168236
0.497121917
0.497059531
0.496997834
0.496953909
0.496944152
0.496981947
0.497077449
0.497235519
0.497456882
0.497737077
0.498068015
0.498438598
0.498835767
0.499245849
0.499655533
0.500052847
0.500427601
0.50077225
0.501081462
0.501353024
0.501586864
0.501785522
0.501953784
0.502098288
0.502227522
0.502351062
0.502479498
0.502623495
0.502793353
0.502997669
0.503243116
0.503533104
0.503867234
0.504241371
0.504646666
0.505071329
0.505500127
0.505916919
0.506305093
0.506650286
0.506940927
0.507170524
0.507337806
0.507447128
0.50750868
0.507536355
0.507547418
0.507559532
0.50758971
0.507651335
0.507754018
0.507901026
0.50809047
0.508314807
0.508562249
0.508818578
0.50906874
0.509299026
0.509498808
0.509661992
0.509787055
0.509878241
0.509943529
0.50999449
0.510043746
0.510103847
0.510184768
0.510293437
0.51043192
0.510597788
0.510784549
0.510982263
0.511179687
0.511365577
0.511530901
0.511669747
0.511781535
