0.022912165
0.02286594
0.022814574
0.022758571
0.022699434
0.022638787
0.022578501
0.022520563
0.02246664 
0.022417771
0.022374842
0.022337815
0.022306101
0.022278853
0.022254552
0.022231563
0.022208305
0.022183246
0.02215503
0.022123014
0.022086748
0.022046358
0.022002632
0.021956475
0.02190927
0.021862555
0.021817792
0.021776309
0.021739355
0.02170758
0.021681354
0.021660735
0.021645122
0.021633807
0.021625786
0.021619855
0.02161487
0.021609862
0.021603914
0.021596548
0.021587643
0.021577248
0.021565981
0.021554615
0.021544085
0.021535519
0.021530017
0.021528462
0.021531663
0.021540115
0.021553851
0.021572803
0.021596376
0.021623735
0.021653937
0.021685802
0.021718143
0.021749937
0.021780257
0.021808365
0.021834018
0.021857085
0.021877866
0.02189702
0.021915291
0.021933726
0.021953441
0.021975488
0.022000849
0.022030424
0.022064699
0.022104022
0.022148434
0.02219754
0.02225086
0.022307566
0.022366667
0.022427149
0.022487918
0.022547906
0.022606227
0.022662111
0.022714927
0.022764391
0.022810287
0.022852668
0.022891774
0.022927905
0.022961525
0.022993131
0.023023218
0.023052287
0.023080821
0.023109228
0.023137894
0.023167178
0.023197394
0.023228863
0.023261932
0.023296963
0.02333435
0.023374557
0.023418047
0.023465318
0.023516872
0.023573165
0.023634568
0.023701413
0.023773833
0.023851831
0.023935304
0.024023866
0.02411707
0.024214298
0.024314793
0.024417788
0.024522481
0.024628076
0.024733907
0.024839445
0.024944244
0.025048193
0.025151286
0.025253737
0.025356038
0.025458741
0.025562614
0.025668501
0.025777263
0.025889774
0.0260069
0.026129348
0.026257758
0.02639266
0.026534353
0.026683102
0.026838981
0.027001963
0.027171983
0.027348887
0.027532516
0.027722731
0.027919418
0.028122495
0.028331977
0.028547903
0.028770374
0.02899956
0.029235628
0.029478776
0.029729202
0.029987089
0.030252591
0.030525856
0.030807002
0.031096142
0.031393415
0.031699004
0.032013121
0.032336147
0.032668531
0.033010878
0.033364052
0.033728975
0.034106881
0.034499166
0.034907347
0.035333209
0.035778583
0.036245418
0.036735741
0.037251559
0.037794837
0.03836751
0.038971336
0.039607915
0.040278753
0.040984982
0.041727653
0.042507507
0.04332498
0.044180403
0.045073691
0.046004637
0.046972788
0.047977396
0.049017645
0.050092404
0.051200449
0.052340418
0.053510743
0.05470982
0.055935917
0.057187224
0.058461909
0.059758083
0.06107386
0.062407413
0.063756928
0.065120676
0.066497102
0.067884704
0.069282284
0.07068882
0.072103507
0.073526062
0.074956325
0.076394752
0.077842282
0.079300153
0.08077059
0.082256064
0.083759913
0.085286283
0.086839657
0.088425747
0.090050584
0.091720969
0.093444526
0.09522903
0.097082997
0.099015125
0.101034131
0.103148814
0.105367797
0.107698928
0.110149775
0.112726866
0.115435291
0.118279665
0.121262101
0.124383663
0.127643766
0.131038934
0.134565049
0.138214713
0.14197892
0.145847068
0.149805373
0.153839388
0.157931938
0.162064288
0.166216709
0.17036717
0.174493188
0.178570944
0.182575749
0.186482578
0.190265837
0.193899804
0.197359036
0.200618282
0.20365274
0.20643893
0.208953785
0.211176009
0.213085966
0.21466498
0.215897691
0.216769778
0.217269821
0.217389526
0.217121809
0.21646439
0.215416456
0.213980498
0.212162996
0.209971509
0.207418511
0.204518062
0.201286839
0.197745102
0.193913862
0.189817355
0.185481079
0.180931681
0.176197637
0.171307609
0.166290922
0.161177144
0.155995484
0.150774457
0.145542273
0.140325251
0.135148727
0.130036635
0.125010045
0.120089327
0.115291548
0.11063182
0.106123636
0.101776703
0.097599915
0.093598983
0.089777524
0.086137932
0.082679595
0.079401211
0.076299631
0.073370277
0.070608106
0.068006704
0.065559386
0.063259048
0.061098241
0.059069549
0.05716567
0.055379353
0.053703714
0.052132239
0.050658575
0.049277004
0.04798199
0.046768397
0.045631514
0.044566737
0.043569885
0.042636899
0.041763888
0.040947169
0.040183084
0.039468153
0.038798929
0.038172055
0.037584281
0.037032392
0.036513344
0.036024162
0.035562006
0.035124252
0.03470833
0.034311984
0.033933071
0.033569643
0.033220062
0.032882751
0.032556477
0.032240141
0.031932812
0.031633828
0.031342585
0.031058708
0.030781926
0.030512054
0.03024906
0.029992931
0.029743741
0.0295016
0.029266631
0.029038972
0.028818762
0.028606109
0.028401105
0.028203813
0.028014238
0.027832371
0.02765815
0.02749147
0.027332206
0.027180181
0.027035208
0.026897074
0.026765545
0.026640386
0.026521345
0.026408165
0.026300588
0.026198348
0.026101176
0.026008789
0.025920897
0.025837193
0.02575735
0.025681036
0.025607881
0.025537512
0.025469535
0.025403545
0.025339144
0.025275934
0.025213528
0.025151581
0.025089782
0.025027847
0.024965589
0.024902853
0.024839565
0.024775741
0.024711426
0.024646777
0.024581985
0.024517289
0.024452984
0.024389371
0.024326767
0.024265491
0.024205829
0.02414804
0.024092359
0.024038935
0.023987897
0.023939311
0.023893176
0.023849464
0.023808091
0.023768954
0.023731928
0.023696876
0.02366367
0.023632205
0.02360238
0.023574136
0.023547453
0.023522325
0.023498802
0.023476943
0.023456826
0.023438536
0.023422165
0.023407762
0.023395371
0.02338498
0.023376519
0.023369881
0.023364868
0.023361235
0.023358686
0.023356847
0.023355327
0.023353707
0.023351549
0.023348444
0.023344018
0.023337924
0.023329935
0.023319877
0.023307684
0.023293434
0.02327726
0.023259466
0.023240427
0.023220592
0.023200522
0.023180779
0.023161955
0.023144648
0.023129388
0.02311663
0.023106781
0.023100053
0.023096578
0.023096347
0.023099134
0.023104668
0.02311246
0.023121944
0.023132483
0.023143338
0.023153769
0.02316306
0.023170506
0.023175503
0.02317758
0.023176327
0.02317159
0.023163312
0.023151609
0.023136839
0.023119419
0.023099987
0.023079264
0.02305804
0.023037192
0.023017595
0.023000081
0.022985457
0.022974423
0.022967511
0.0229652
0.022967688
0.022975059
0.022987216
0.023003803
0.023024394
0.023048313
0.023074786
0.02310295
0.023131821
0.023160398
0.023187691
0.023212703
0.023234531
0.023252399
0.023265583
0.023273616
0.023276144
0.023272992
0.023264264
0.023250135
0.023231078
0.023207681
0.023180657
0.023150909
0.023119358
0.023087007
0.023054883
0.023023965
0.022995169
0.022969372
0.022947241
0.022929373
0.022916184
0.022907868
0.022904544
0.022906071
0.022912205
0.022922577
0.022936668
0.022953936
0.022973763
0.022995525
0.023018634
0.023042558
0.023066805
0.023091057
0.023115044
0.023138646
0.023161899
0.023184885
0.023207869
0.02323116
0.023255129
0.023280212
0.023306841
0.023335412
0.023366321
0.023399859
0.023436228
0.023475577
0.023517866
0.023563001
0.023610752
0.023660756
0.023712604
0.023765758
0.023819639
0.023873631
0.023927078
0.023979332
0.024029776
0.024077801
0.024122872
0.024164511
0.024202291
0.024235895
0.024265053
0.02428958
0.024309385
0.0243244
0.024334675
0.024340277
0.024341337
0.024338044
0.0243306
0.024319274
0.024304346
0.024286134
0.024264992
0.024241282
0.024215415
0.024187806
0.024158895
0.024129141
0.024099002
0.024068942
0.024039418
0.024010858
0.023983662
0.023958192
0.023934725
0.023913512
0.023894681
0.023878288
0.023864319
0.023852609
0.023842958
0.023835038
0.023828458
0.023822784
0.023817509
0.02381212
0.023806115
0.023799008
0.02379036
0.023779845
0.023767169
0.023752217
0.02373496
0.023715485
0.023694068
0.023671027
0.023646846
0.023622081
0.023597327
0.02357325
0.023550506
0.023529706
0.023511428
0.023496161
0.023484248
0.02347598
0.023471412
0.023470522
0.023473134
0.023478889
0.023487391
0.023498078
0.023510351
0.023523578
0.023537107
0.023550301
0.023562614
0.023573535
0.023582677
0.023589787
0.023594675
0.023597356
0.023597907
0.023596536
0.02359357
0.023589363
0.023584364
0.02357904
0.023573846
0.023569238
0.023565637
0.023563375
0.02356276
0.023563995
0.023567196
0.023572428
0.023579639
0.023588736
0.023599551
0.023611864
0.023625426
0.023639951
0.023655138
0.023670688
0.023686296
0.023701667
0.023716529
0.023730613
0.023743692
0.023755546
0.023765986
0.023774858
0.023782019
0.02378738
0.023790876
0.023792476
0.023792207
0.023790118
0.023786332
0.023781013
0.023774363
0.023766665
0.023758215
0.023749372
0.023740526
0.023732081
0.023724458
0.023718081
0.023713339
0.023710609
0.023710211
0.023712392
0.023717372
0.023725231
0.023736015
0.023749668
0.023766031
0.023784904
0.023805983
0.02382892
0.023853332
0.023878783
0.023904843
0.023931088
0.023957087
0.023982467
0.024006896
0.024030066
0.024051769
0.02407182
0.024090117
0.024106611
0.024121289
0.024134208
0.024145439
0.024155091
0.024163281
0.024170143
0.024175799
0.024180376
0.024183978
0.024186701
0.024188631
0.02418982
0.024190334
0.024190211
0.024189498
0.024188237
0.024186489
0.024184315
0.024181809
0.024179074
0.024176235
0.024173453
0.024170895
0.024168761
0.024167253
0.024166591
0.024166989
0.024168669
0.024171823
0.02417664
0.024183274
0.024191844
0.024202444
0.024215106
0.024229838
0.024246582
0.024265242
0.024285682
0.024307703
0.024331087
0.024355565
0.024380844
0.02440661
0.024432529
0.024458258
0.024483464
0.024507812
0.024530992
0.02455273
0.024572765
0.02459091
0.024607011
0.024620976
0.024632792
0.024642478
0.024650165
0.024656016
0.024660268
0.024663225
0.024665215
0.024666629
0.024667863
0.024669326
0.024671422
0.024674539
0.024678996
0.024685099
0.024693052
0.024702981
0.024714958
0.024728903
0.02474471
0.024762132
0.024780862
0.024800539
0.024820713
0.024840925
0.024860698
0.024879546
0.02489702
0.024912728
0.024926303
0.024937516
0.024946185
0.024952237
0.02495573
0.024956769
0.024955622
0.024952597
0.024948089
0.024942565
0.024936508
0.024930442
0.024924892
0.024920348
0.024917274
0.024916099
0.024917137
0.024920685
0.024926914
0.024935905
0.024947688
0.02496214
0.024979113
0.02499834
0.025019496
0.025042209
0.025066037
0.025090526
0.025115193
0.025139546
0.025163116
0.025185455
0.025206136
0.025224818
0.025241195
0.025255039
0.025266229
0.025274678
0.025280455
0.025283665
0.025284527
0.025283354
0.025280492
0.025276393
0.025271534
0.025266427
0.025261604
0.025257597
0.025254905
0.025254015
0.025255327
0.025259202
0.025265925
0.025275658
0.025288532
0.025304537
0.025323592
0.025345551
0.025370156
0.025397126
0.025426094
0.025456668
0.025488434
0.025520956
0.025553806
0.025586571
0.025618853
0.025650301
0.025680619
0.025709535
0.025736898
0.025762575
0.025786567
0.025808956
0.025829909
0.025849768
0.025868917
0.025887955
0.025907571
0.025928581
0.025951994
0.025978865
0.026010427
0.026047974
0.026092842
0.026146431
0.026210109
0.026285147
0.02637278
0.026474008
0.026589619
0.026720239
0.026866001
0.027026902
0.027202428
0.027391708
0.027593612
0.027806435
0.028028348
0.028257105
0.028490238
0.028725179
0.028959179
0.029189504
0.029413526
0.029628674
0.029832628
0.030023397
0.030199136
0.030358592
0.030500683
0.030624787
0.0307307
0.030818392
0.030888311
0.030941012
0.03097727
0.030998007
0.031004155
0.030996646
0.030976396
0.030944161
0.030900605
0.03084626
0.030781446
0.030706427
0.030621303
0.030526103
0.030420861
0.030305601
0.030180392
0.030045505
0.029901279
0.029748309
0.029587438
0.029419641
0.029246283
0.029068823
0.028888968
0.028708604
0.028529658
0.028354147
0.028184082
0.028021331
0.027867685
0.027724724
0.027593699
0.027475737
0.027371463
0.027281307
0.027205346
0.027143248
0.027094557
0.027058386
0.027033733
0.027019413
0.027014078
0.027016356
0.027024843
0.027038132
0.02705492
0.02707398
0.027094185
0.027114606
0.027134379
0.027152864
0.027169528
0.027183966
0.027195947
0.02720529
0.027211961
0.027215992
0.027217476
0.027216592
0.027213542
0.027208595
0.027202046
0.027194225
0.027185504
0.027176263
0.027166923
0.027157905
0.027149649
0.027142591
0.027137154
0.027133729
0.027132688
0.027134325
0.027138895
0.027146561
0.027157394
0.027171413
0.027188489
0.027208451
0.02723103
0.027255873
0.027282596
0.027310758
0.0273399
0.027369581
0.027399359
0.027428843
0.027457714
0.02748568
0.027512577
0.027538292
0.027562786
0.027586128
0.02760841
0.027629816
0.027650551
0.027670833
0.027690904
0.027710993
0.027731294
0.027751991
0.027773206
0.027795027
0.027817502
0.02784062
0.027864359
0.027888643
0.027913387
0.027938491
0.027963857
0.027989379
0.028014968
0.028040539
0.028066023
0.028091362
0.028116495
0.028141369
0.028165926
0.028190091
0.028213772
0.02823687
0.028259244
0.028280751
0.028301227
0.028320489
0.028338375
0.028354726
0.028369402
0.028382328
0.028393451
0.028402808
0.028410508
0.028416716
0.028421719
0.028425846
0.028429516
0.028433212
0.028437436
0.028442739
0.028449667
0.028458734
0.02847043
0.028485174
0.028503277
0.028525006
0.028550449
0.028579631
0.028612434
0.028648605
0.028687834
0.028729654
0.028773562
0.028818977
0.028865263
0.028911787
0.028957902
0.029002973
0.029046423
0.029087699
0.02912633
0.029161919
0.029194121
0.029222719
0.029247531
0.02926849
0.029285599
0.029298918
0.029308609
0.029314866
0.029317959
0.029318201
0.02931594
0.02931158
0.029305533
0.029298237
0.029290153
0.029281729
0.029273418
0.029265661
0.029258855
0.02925339
0.02924959
0.029247736
0.029248061
0.029250709
0.029255788
0.029263314
0.029273248
0.029285502
0.029299907
0.029316277
0.029334378
0.029353951
0.02937474
0.029396485
0.029418935
0.029441879
0.029465117
0.029488509
0.029511941
0.029535335
0.029558663
0.029581914
0.029605105
0.029628266
0.029651432
0.029674626
0.029697864
0.029721134
0.029744405
0.029767609
0.029790654
0.029813431
0.029835801
0.029857621
0.029878759
0.029899076
0.029918473
0.02993688
0.029954255
0.029970634
0.029986083
0.030000721
0.030014732
0.030028322
0.030041743
0.030055262
0.030069144
0.030083652
0.030099021
0.030115425
0.030133022
0.030151858
0.03017194
0.030193195
0.030215461
0.030238544
0.03026216
0.030286006
0.030309761
0.030333082
0.030355656
0.030377225
0.03039754
0.03041648
0.030433971
0.030450032
0.030464811
0.030478493
0.0304914
0.030503889
0.030516384
0.030529345
0.030543234
0.030558496
0.030575558
0.030594759
0.030616377
0.030640605
0.030667486
0.030697026
0.030729049
0.030763326
0.030799533
0.030837249
0.030876042
0.030915429
0.030954924
0.030994094
0.031032527
0.03106989
0.03110596
0.031140565
0.031173695
0.031205407
0.031235864
0.03126534
0.031294141
0.031322654
0.031351282
0.031380414
0.031410426
0.031441643
0.031474288
0.031508542
0.031544423
0.031581874
0.031620728
0.031660671
0.031701351
0.031742295
0.031782991
0.03182291
0.031861506
0.031898268
0.031932764
0.031964594
0.031993527
0.032019406
0.032042206
0.032062084
0.032079254
0.032094125
0.032107164
0.032118933
0.032130061
0.032141189
0.032152958
0.032165987
0.032180805
0.032197871
0.032217539
0.032239995
0.032265361
0.032293544
0.032324385
0.032357579
0.032392711
0.032429335
0.032466926
0.032504954
0.032542925
0.032580368
0.032616898
0.032652254
0.032686225
0.032718806
0.032750054
0.032780167
0.032809469
0.032838326
0.032867204
0.032896586
0.032926932
0.032958698
0.032992259
0.033027872
0.033065737
0.033105845
0.03314811
0.033192281
0.033237958
0.033284678
0.033331836
0.033378798
0.033424908
0.033469501
0.033511976
0.03355182
0.03358858
0.033622014
0.033651947
0.033678399
0.033701548
0.033721656
0.03373918
0.033754605
0.033768508
0.033781505
0.03379418
0.033807092
0.033820757
0.033835541
0.033851769
0.033869602
0.033889088
0.033910192
0.033932734
0.033956493
0.033981178
0.034006464
0.034032039
0.034057624
0.034082959
0.034107904
0.034132348
0.034156298
0.034179848
0.034203136
0.034226396
0.034249873
0.034273832
0.034298536
0.034324201
0.034350975
0.034378958
0.034408108
0.034438333
0.034469416
0.034501043
0.034532864
0.03456443
0.034595291
0.03462501
0.034653146
0.034679351
0.03470336
0.034724973
0.034744184
0.034761038
0.034775747
0.034788633
0.034800086
0.034810609
0.034820715
0.034830933
0.034841786
0.034853717
0.034867091
0.034882193
0.034899116
0.0349179
0.03493839
0.034960316
0.034983333
0.035006961
0.035030706
0.035054043
0.035076448
0.035097482
0.035116777
0.035134056
0.035149257
0.035162369
0.035173629
0.035183384
0.035192104
0.035200427
0.035209018
0.035218622
0.035229993
0.035243818
0.035260734
0.035281274
0.035305758
0.035334434
0.03536726
0.035404065
0.035444488
0.035487943
0.035533775
0.035581148
0.035629182
0.035676983
0.035723647
0.035768346
0.03581039
0.035849157
0.035884306
0.035915603
0.035943063
0.035966933
0.035987573
0.036005632
0.036021813
0.036036977
0.036052053
0.036067968
0.036085642
0.036105955
0.036129611
0.036157255
0.036189301
0.036225986
0.036267399
0.036313339
0.036363515
0.036417382
0.036474276
0.036533424
0.036593918
0.036654831
0.036715195
0.036774032
0.036830432
0.036883526
0.036932526
0.036976775
0.037015674
0.037048811
0.03707584
0.037096573
0.037110947
0.037118977
0.037120859
0.037116829
0.037107277
0.037092667
0.037073553
0.037050602
0.03702452
0.036996129
0.036966288
0.036935909
0.036905954
0.036877387
0.036851168
0.03682825
0.036809494
0.036795718
0.036787603
0.036785686
0.036790399
0.036801904
0.036820281
0.036845322
0.036876671
0.036913813
0.03695601
0.037002473
0.037052258
0.037104386
0.037157898
0.037211835
0.037265328
0.037317671
0.037368233
0.037416661
0.037462721
0.037506412
0.037547949
0.037587656
0.03762608
0.037663822
0.037701562
0.037740016
0.037779843
0.037821628
0.037865884
0.037912887
0.037962834
0.038015676
0.038071178
0.038128984
0.0381885
0.038249078
0.038309947
0.038370285
0.038429296
0.038486202
0.038540286
0.038590999
0.038637846
0.03868055
0.038718954
0.038753034
0.038782953
0.038808924
0.03883131
0.038850499
0.038866921
0.038881019
0.038893215
0.038903886
0.038913391
0.038922008
0.038929994
0.03893756
0.038944889
0.038952165
0.038959586
0.038967359
0.038975753
0.038985072
0.03899566
0.039007931
0.039022298
0.039039205
0.039059084
0.039082302
0.039109185
0.039139945
0.039174644
0.039213263
0.03925554
0.03930112
0.039349465
0.039399879
0.039451602
0.03950374
0.039555383
0.039605644
0.039653634
0.039698603
0.039739912
0.039777052
0.039809782
0.039837955
0.039861715
0.039881356
0.039897332
0.039910303
0.039920974
0.039930175
0.039938764
0.039947569
0.039957402
0.039969001
0.039982966
0.039999842
0.040019973
0.040043629
0.040070921
0.040101837
0.040136301
0.040174109
0.040215036
0.040258791
0.04030507
0.040353564
0.040403975
0.040456012
0.04050941
0.04056393
0.040619349
0.040675466
0.040732082
0.040789019
0.040846096
0.040903146
0.040959993
0.041016477
0.041072438
0.041127745
0.041182283
0.041235964
0.041288745
0.041340612
0.041391598
0.041441769
0.041491215
0.041540067
0.041588452
0.041636484
0.041684281
0.041731894
0.041779327
0.04182653
0.041873337
0.041919546
0.041964831
0.042008798
0.042051002
0.042090916
0.042128009
0.042161746
0.042191602
0.042217128
0.042237938
0.042253759
0.042264482
0.042270074
0.042270738
0.042266776
0.042258677
0.042247078
0.042232694
0.042216407
0.042199112
0.04218176
0.042165332
0.042150727
0.042138812
0.042130369
0.042126006
0.042126275
0.042131476
0.042141817
0.042157327
0.042177836
0.042203112
0.042232704
0.042266126
0.042302785
0.042342035
0.042383236
0.042425741
0.04246894
0.042512322
0.042555412
0.042597908
0.042639584
0.042680351
0.042720285
0.04275953
0.042798408
0.04283731
0.042876701
0.042917129
0.042959145
0.043003318
0.043050182
0.043100197
0.043153779
0.043211192
0.043272604
0.043338073
0.043407461
0.043480577
0.043557056
0.043636465
0.043718296
0.043801998
0.043887024
0.043972883
0.04405911
0.044145431
0.044231644
0.044317776
0.04440405
0.044490843
0.044578831
0.044668794
0.044761768
0.044858916
0.044961477
0.045070813
0.045188271
0.045315147
0.045452695
0.045601955
0.045763836
0.045939018
0.046127848
0.04633053
0.046546822
0.04677634
0.047018333
0.047271826
0.047535661
0.047808424
0.048088635
0.048374661
0.048664813
0.048957425
0.0492508
0.049543322
0.049833455
0.050119721
0.050400818
0.050675512
0.050942749
0.051201594
0.051451248
0.051691135
0.051920756
0.052139918
0.052348531
0.052546836
0.052735327
0.052914763
0.053086397
0.053251676
0.053412733
0.053571971
0.05373242
0.053897652
0.054071622
0.054259082
0.054464981
0.054694993
0.054955036
0.055251374
0.055590543
0.05597911
0.056423601
0.056930475
0.057505621
0.058154678
0.058882429
0.059692802
0.060589026
0.061572625
0.062644581
0.063803782
0.065048173
0.066374023
0.067775839
0.069247194
0.070779419
0.072363224
0.073987495
0.075640284
0.07730877
0.078979189
0.080637589
0.082269642
0.083861019
0.085397913
0.086866785
0.088255056
0.089551229
0.090744544
0.091826286
0.092788369
0.093624876
0.09433104
0.094903552
0.095340962
0.095642506
0.095809344
0.095843171
0.095746909
0.095524195
0.095179137
0.094716521
0.094141286
0.093458708
0.092674176
0.091793203
0.090821386
0.089764426
0.088628156
0.087418539
0.086141871
0.084804605
0.083413696
0.081976381
0.080500357
0.078993817
0.07746521
0.075923515
0.074377848
0.072837515
0.071311913
0.069810222
0.068341331
0.066913829
0.06553533
0.064213117
0.062953108
0.061760466
0.060639234
0.059591994
0.058620691
0.05772548
0.056905995
0.056160492
0.055486474
0.054880799
0.054339485
0.053858378
0.05343285
0.053058209
0.052729824
0.052443097
0.052193722
0.05197773
0.051791383
0.051631532
0.051495214
0.051380003
0.05128376
0.051204614
0.051141049
0.051091622
0.051055119
0.051030361
0.051016208
0.051011525
0.051015138
0.051025814
0.051042285
0.051063218
0.05108726
0.051113082
0.051139353
0.051164846
0.05118845
0.051209161
0.051226263
0.051239134
0.051247516
0.051251318
0.051250733
0.051246234
0.051238442
0.051228275
0.051216722
0.051204925
0.051194098
0.051185415
0.05118003
0.051178994
0.05118314
0.051193203
0.051209556
0.051232406
0.051261654
0.051296872
0.051337469
0.0513825
0.051430909
0.051481419
0.05153266
0.051583255
0.051631786
0.051676949
0.051717613
0.05175275
0.05178171
0.051804004
0.051819533
0.051828522
0.051831429
0.051829158
0.051822741
0.051813554
0.051803095
0.051792961
0.051784848
0.051780377
0.051781051
0.051788283
0.051803119
0.051826459
0.05185876
0.051900172
0.051950522
0.052009155
0.052075255
0.052147541
0.052224614
0.052304848
0.052386509
0.052467865
0.052547241
0.052623042
0.05269399
0.052758912
0.052817083
0.052868046
0.052911663
0.052948242
0.052978248
0.053002587
0.053022262
0.053038483
0.053052556
0.053065766
0.053079354
0.053094468
0.053111989
0.05313271
0.053157048
0.053185255
0.053217311
0.053252934
0.053291736
0.053333111
0.053376413
0.053420968
0.053466103
0.05351128
0.053556051
0.053600121
0.053643433
0.053686014
0.053728161
0.053770262
0.053812815
0.053856418
0.053901656
0.053949081
0.053999204
0.054052339
0.054108724
0.054168365
0.054231082
0.05429656
0.054364248
0.054433524
0.054503624
0.054573742
0.05464307
0.054710828
0.054776316
0.054838972
0.054898321
0.05495414
0.055006281
0.055054822
0.055099961
0.055142019
0.055181429
0.055218668
0.055254243
0.055288678
0.05532243
0.055355923
0.055389496
0.055423404
0.055457839
0.055492868
0.055528537
0.055564805
0.0556016
0.055638834
0.055676398
0.055714201
0.055752156
0.055790191
0.055828263
0.055866321
0.055904342
0.055942282
0.05598009
0.056017687
0.056054986
0.056091843
0.056128116
0.056163616
0.056198155
0.056231563
0.05626368
0.056294379
0.056323632
0.056351433
0.056377916
0.056403286
0.056427846
0.05645202
0.056476265
0.05650115
0.05652726
0.056555175
0.056585492
0.056618726
0.056655314
0.056695625
0.056739831
0.056788061
0.056840201
0.056896078
0.056955337
0.057017531
0.057082138
0.057148544
0.057216133
0.057284287
0.057352413
0.057420007
0.05748662
0.057551919
0.057615706
0.057677849
0.057738394
0.057797422
0.057855146
0.057911818
0.057967728
0.05802319
0.058078486
0.058133868
0.058189533
0.058245574
0.058302016
0.058358773
0.058415658
0.058472401
0.058528626
0.058583904
0.05863775
0.058689655
0.058739105
0.058785616
0.058828753
0.058868163
0.058903569
0.058934861
0.058962008
0.058985169
0.059004632
0.05902082
0.059034332
0.059045842
0.059056188
0.059066232
0.059076913
0.059089191
0.059103975
0.059122137
0.059144459
0.059171554
0.059203954
0.059241904
0.059285559
0.059334788
0.059389293
0.059448604
0.059512019
0.059578769
0.059647917
0.059718484
0.059789484
0.059859923
0.059928911
0.059995652
0.060059471
0.060119923
0.060176652
0.060229593
0.060278793
0.060324498
0.060367098
0.060407064
0.060444976
0.060481414
0.060516942
0.060552112
0.060587344
0.060622966
0.060659196
0.060696081
0.060733593
0.060771529
0.060809648
0.060847636
0.060885142
0.060921863
0.060957537
0.060991986
0.061025187
0.061057196
0.061088295
0.061118839
0.061149373
0.061180543
0.061213051
0.061247675
0.061285177
0.06132626
0.061371578
0.061421594
0.061476674
0.061536961
0.061602377
0.061672727
0.061747505
0.061826147
0.061907865
0.061991807
0.062077049
0.06216264
0.062247666
0.062331282
0.062412713
0.062491397
0.06256683
0.062638754
0.062707044
0.062771736
0.062833044
0.062891258
0.062946818
0.063000188
0.063051881
0.063102415
0.063152247
0.063201791
0.063251392
0.063301243
0.063351489
0.063402089
0.063452953
0.063503835
0.063554425
0.063604337
0.063653123
0.063700321
0.063745465
0.063788112
0.063827899
0.063864492
0.063897698
0.063927431
0.063953706
0.063976726
0.063996758
0.064014285
0.064029851
0.064044136
0.064057912
0.064071999
0.064087273
0.064104592
0.064124803
0.064148699
0.064176958
0.064210177
0.064248787
0.064293069
0.064343164
0.064398984
0.064460359
0.064526878
0.064598052
0.06467324
0.064751731
0.064832747
0.064915478
0.064999109
0.065082877
0.065166027
0.065247924
0.06532797
0.065405684
0.065480674
0.065552625
0.065621317
0.065686564
0.065748273
0.065806354
0.065860756
0.065911431
0.065958337
0.066001437
0.066040696
0.066076093
0.066107621
0.066135338
0.066159323
0.066179775
0.066196962
0.06621128
0.066223251
0.066233503
0.066242831
0.066252108
0.066262322
0.066274539
0.066289836
0.066309308
0.066333991
0.066364817
0.066402631
0.066448001
0.066501399
0.066562957
0.06663261
0.066710031
0.066794581
0.066885481
0.066981644
0.067081902
0.067184924
0.067289328
0.067393731
0.067496782
0.067597242
0.067694041
0.067786223
0.067873161
0.067954323
0.068029535
0.068098777
0.068162249
0.068220377
0.068273667
0.068322801
0.068368483
0.068411455
0.068452472
0.068492202
0.068531273
0.068570222
0.068609472
0.068649377
0.068690168
0.068732033
0.068775094
0.068819438
0.068865147
0.068912312
0.068961051
0.069011533
0.069063946
0.06911856
0.069175643
0.069235477
0.069298364
0.069364539
0.069434192
0.06950741
0.069584144
0.069664255
0.069747378
0.069833044
0.069920585
0.07000921
0.070098
0.070185932
0.070271947
0.070354966
0.070433928
0.070507905
0.070576036
0.070637683
0.070692377
0.070739872
0.070780211
0.070813595
0.070840568
0.070861792
0.070878202
0.070890838
0.070900868
0.070909546
0.070918116
0.070927808
0.070939803
0.070955119
0.070974704
0.070999264
0.071029379
0.071065421
0.07110754
0.07115578
0.071209922
0.071269709
0.071334674
0.071404317
0.071478044
0.07155524
0.071635252
0.071717451
0.071801209
0.071885938
0.071971062
0.072056064
0.07214044
0.072223703
0.072305412
0.072385109
0.072462375
0.072536776
0.072607898
0.072675341
0.072738737
0.072797742
0.072852082
0.072901556
0.072946036
0.072985545
0.073020168
0.073050198
0.073076002
0.073098132
0.073117246
0.073134117
0.073149622
0.073164679
0.07318026
0.073197319
0.073216763
0.073239458
0.073266128
0.073297402
0.073333764
0.07337553
0.073422898
0.073475872
0.073534401
0.073598249
0.073667148
0.073740748
0.073818655
0.073900472
0.073985804
0.074074255
0.074165461
0.074259076
0.074354753
0.07445216
0.074550943
0.074650734
0.074751109
0.074851597
0.074951694
0.075050806
0.075148326
0.075243599
0.075335955
0.075424754
0.075509379
0.075589298
0.075664081
0.075733389
0.075797086
0.075855097
0.075907586
0.075954794
0.075997116
0.076035051
0.076069157
0.076100039
0.076128322
0.076154587
0.076179402
0.076203232
0.076226501
0.076249554
0.076272658
0.076296055
0.076319941
0.07634453
0.076370056
0.076396807
0.076425169
0.07645558
0.076488602
0.076524875
0.076565081
0.076609985
0.076660321
0.076716772
0.076779994
0.076850409
0.076928363
0.077013907
0.077106885
0.077206902
0.077313232
0.077425013
0.077541053
0.077660071
0.077780611
0.07790115
0.078020192
0.078136251
0.07824798
0.078354239
0.078454016
0.078546674
0.078631723
0.078709074
0.078778839
0.078841439
0.078897537
0.078947953
0.078993742
0.079035993
0.079075913
0.079114696
0.07915348
0.079193376
0.079235316
0.079280111
0.079328393
0.079380566
0.079436914
0.079497436
0.079562038
0.07963039
0.079702049
0.079776488
0.079853057
0.079931105
0.080009973
0.080089019
0.080167708
0.080245539
0.080322183
0.080397386
0.080471043
0.080543192
0.080613928
0.080683496
0.080752131
0.080820143
0.080887836
0.080955444
0.081023183
0.08109113
0.081159294
0.08122757
0.081295724
0.081363464
0.081430403
0.081496116
0.081560191
0.081622229
0.081681922
0.081739042
0.081793505
0.081845377
0.081894837
0.08194228
0.081988168
0.082033115
0.082077797
0.082122903
0.08216915
0.082217186
0.08226756
0.08232076
0.082377061
0.08243665
0.082499527
0.08256558
0.082634545
0.082706082
0.082779776
0.082855167
0.082931792
0.083009219
0.083087003
0.083164777
0.083242194
0.08331897
0.083394813
0.08346945
0.083542608
0.083613956
0.083683156
0.083749822
0.083813491
0.08387372
0.08393004
0.083981996
0.084029242
0.084071493
0.084108618
0.084140712
0.084168
0.084191029
0.084210487
0.084227334
0.084242703
0.084257836
0.084274099
0.084292831
0.084315342
0.084342819
0.084376166
0.084416165
0.084463137
0.084517214
0.084578093
0.084645192
0.084717634
0.084794259
0.084873824
0.084954897
0.085036082
0.085116071
0.08519362
0.085267805
0.085337862
0.085403406
0.085464352
0.085520888
0.085573608
0.085623256
0.085670888
0.085717662
0.08576487
0.08581383
0.085865805
0.085921964
0.085983363
0.086050801
0.086124919
0.086206001
0.086294207
0.086389282
0.08649083
0.086598145
0.086710322
0.086826315
0.086944861
0.087064661
0.087184329
0.087302461
0.087417729
0.087528822
0.087634639
0.08773417
0.087826663
0.08791158
0.087988592
0.088057726
0.088119134
0.088173361
0.088221049
0.088263121
0.088300595
0.088334592
0.088366328
0.088396952
0.088427575
0.088459236
0.088492771
0.088528926
0.088568171
0.088610875
0.088657178
0.08870709
0.088760535
0.088817297
0.088877178
0.08893998
0.089005515
0.089073726
0.089144594
0.089218251
0.089294885
0.08937478
0.089458265
0.08954567
0.089637286
0.08973335
0.089833919
0.089938963
0.09004819
0.090161177
0.090277236
0.090395529
0.090515055
0.090634648
0.090753119
0.090869197
0.090981638
0.09108932
0.091191132
0.091286216
0.0913738
0.091453318
0.091524393
0.091586799
0.091640499
0.09168553
0.091722118
0.091750528
0.091771145
0.091784393
0.0917908
0.091790979
0.091785608
0.091775517
0.091761637
0.09174511
0.091727141
0.0917092
0.091692833
0.091679754
0.091671745
0.091670586
0.091678067
0.091695829
0.091725303
0.091767696
0.091823742
0.091893979
0.091978255
0.092076175
0.09218675
0.092308614
0.092440088
0.09257912
0.092723598
0.092871232
0.093019828
0.093167358
0.093311959
0.093452234
0.093587025
0.093715683
0.09383797
0.093953963
0.094064208
0.094169375
0.094270424
0.094368325
0.094464022
0.094558428
0.094652155
0.094745637
0.094838997
0.094932037
0.09502435
0.095115185
0.09520372
0.095288967
0.095369918
0.095445723
0.095515583
0.095579035
0.095635872
0.095686218
0.095730599
0.095769787
0.095805009
0.095837593
0.095869187
0.095901498
0.095936211
0.095975032
0.096019451
0.096070748
0.09612996
0.096197728
0.096274466
0.09636008
0.096454307
0.096556449
0.096665629
0.096780718
0.096900433
0.097023427
0.097148296
0.097273665
0.097398233
0.097520803
0.097640367
0.097756021
0.097867142
0.097973232
0.098074064
0.098169582
0.098259936
0.098345503
0.098426764
0.098504464
0.098579374
0.098652466
0.098724737
0.098797264
0.098871109
0.09894732
0.099026857
0.099110586
0.099199169
0.099293132
0.099392701
0.099497934
0.099608528
0.099724012
0.099843567
0.099966203
0.100090742
0.100215828
0.100340076
0.100462052
0.100580401
0.100693916
0.100801532
0.100902534
0.100996393
0.101083016
0.101162543
0.101235531
0.101302809
0.101365413
0.101424672
0.101481934
0.101538668
0.101596269
0.101655971
0.101718905
0.101785824
0.101857258
0.101933365
0.102013947
0.102098535
0.102186279
0.102276209
0.102367081
0.102457642
0.10254662
0.10263281
0.102715258
0.102793174
0.102866134
0.102934034
0.10299709
0.103055944
0.103111444
0.103164814
0.103217364
0.103270564
0.103325913
0.103384786
0.103448483
0.103517994
0.103594092
0.103677237
0.103767516
0.103864805
0.103968615
0.104078323
0.104193157
0.104312269
0.104434896
0.10456033
0.10468812
0.104818021
0.104950033
0.105084513
0.105221953
0.105363142
0.105508939
0.10566021
0.105817823
0.105982343
0.106154166
0.106333197
0.106518936
0.106710452
0.10690617
0.107104244
0.107302252
0.107497632
0.107687564
0.107869224
0.108040019
0.108197519
0.108339896
0.108465811
0.108574586
0.108666391
0.108741905
0.108802785
0.108851038
0.108889379
0.108920757
0.108948299
0.108975201
0.109004364
0.109038417
0.109079453
0.109128922
0.109187739
0.109255902
0.109333027
0.109417859
0.109508891
0.109604117
0.109701387
0.109798544
0.109893478
0.109984397
0.11006987
0.110148842
0.110220878
0.110285838
0.110344249
0.110396828
0.110444695
0.110489113
0.110531383
0.110572796
0.110614444
0.110657223
0.110701783
0.110748369
0.110797074
0.110847618
0.110899631
0.110952596
0.111005947
0.11105927
0.111112178
0.111164587
0.111216591
0.111268519
0.111320994
0.111374703
0.111430532
0.111489339
0.111551859
0.11161876
0.111690297
0.111766517
0.111846996
0.111930961
0.112017273
0.112104404
0.112190669
0.112274191
0.112353078
0.112425642
0.112490291
0.112546026
0.112592093
0.112628484
0.112655631
0.112674608
0.112687074
0.112695046
0.112701038
0.11270771
0.112717867
0.112734263
0.112759393
0.112795567
0.112844489
0.112907517
0.112985358
0.113078181
0.113185656
0.11330686
0.113440614
0.11358529
0.113739144
0.113900328
0.114066987
0.114237433
0.114410104
0.114583764
0.114757376
0.114930235
0.115101898
0.115272099
0.115440822
0.115608121
0.115774111
0.115938913
0.116102585
0.116265136
0.116426414
0.116586223
0.11674426
0.116900196
0.1170537
0.117204539
0.117352559
0.117497876
0.117640761
0.117781856
0.117922
0.118062454
0.118204642
0.118350279
0.118501249
0.118659512
0.118827057
0.119005758
0.11919733
0.119403272
0.119624686
0.119862467
0.120116955
0.120388318
0.120676322
0.120980552
0.121300518
0.121635682
0.121985819
0.122351042
0.122732019
0.123130401
0.123548532
0.123990493
0.124461117
0.124967614
0.125518162
0.126123418
0.126795481
0.127548531
0.128398569
0.12936298
0.13046091
0.131712109
0.133137316
0.134757168
0.136591639
0.138660067
0.14097893
0.143563229
0.146423312
0.14956647
0.152994533
0.156704145
0.160686807
0.164926858
0.169404569
0.174092084
0.17895863
0.183966479
0.18907549
0.194241545
0.199418757
0.204560558
0.209620043
0.214552171
0.219313806
0.223864824
0.228169647
0.23219571
0.235917044
0.23931045
0.242360116
0.245053191
0.247384153
0.249351136
0.250959492
0.252219812
0.253150339
0.253777474
0.254135837
0.254273106
0.254245479
0.25412828
0.254005427
0.253984754
0.254183723
0.254743618
0.255817501
0.257576205
0.260203133
0.263889301
0.268833754
0.275232936
0.283278277
0.29315124
0.305008033
0.318990092
0.335192339
0.353688818
0.374493889
0.397590781
0.422902528
0.450308709
0.479639754
0.510673928
0.543156668
0.576783131
0.61123031
0.646139916
0.681145293
0.715868971
0.749932232
0.782969854
0.814624756
0.844569254
0.872496999
0.898136015
0.92124998
0.941633557
0.959128368
0.973600462
0.984966692
0.993163437
0.998174188
1
0.998679997
0.994271468
0.986859443
0.976548024
0.963460837
0.947740579
0.929543288
0.909043926
0.886426347
0.861891669
0.835647039
0.807912949
0.778914261
0.74888315
0.718054352
0.686662683
0.654942425
0.623121496
0.591421818
0.560055024
0.529218802
0.499099381
0.469860829
0.44165602
0.414609635
0.388835008
0.364415739
0.341422496
0.319899078
0.29987409
0.281354978
0.264332261
0.248781893
0.234662886
0.221925318
0.210504813
0.20033187
0.191327037
0.183408016
0.176487968
0.170478829
0.16529291
0.16084311
0.157046122
0.153821598
0.151094592
0.148795762
0.146861155
0.145234793
0.143865188
0.142709959
0.14173035
0.14089618
0.140180405
0.139562674
0.139025553
0.13855588
0.138143054
0.137778736
0.137456443
0.137170663
0.136916985
0.136691331
0.136490157
0.136310052
0.136147916
0.136000791
0.135866103
0.13574146
0.135625033
0.135515287
0.135411233
0.135312257
0.135218172
0.135129146
0.135045511
0.134967811
0.134896576
0.134832285
0.134775325
0.13472579
0.134683671
0.134648647
0.134620266
0.134597915
0.134580898
0.134568554
0.134560224
0.134555447
0.134553911
0.134555456
0.134560205
0.134568365
0.134580332
0.13459653
0.134617363
0.134643191
0.134674135
0.134710158
0.134750873
0.13479565
0.134843536
0.134893269
0.134943435
0.134992395
0.13503851
0.135080139
0.135115785
0.135144251
0.135164547
0.13517625
0.1351792
0.135173904
0.135161174
0.135142385
0.135119243
0.135093783
0.135068304
0.135045162
0.135026778
0.135015471
0.135013313
0.135022152
0.135043344
0.135077953
0.135126386
0.135188745
0.135264465
0.135352662
0.135451939
0.135560629
0.135676783
0.135798288
0.135922997
0.136048761
0.136173602
0.136295786
0.136413786
0.136526566
0.136633316
0.13673379
0.136827988
0.136916373
0.136999679
0.137078857
0.137155077
0.137229517
0.13730339
0.137377763
0.137453541
0.1375314
0.137611644
0.137694375
0.137779226
0.137865641
0.137952707
0.138039348
0.138124312
0.138206261
0.138283923
0.138356063
0.138421673
0.138479962
0.138530411
0.13857285
0.138607403
0.138634588
0.138655129
0.13867013
0.138680787
0.138688542
0.138694855
0.138701234
0.138709149
0.138719929
0.138734788
0.138754727
0.138780554
0.138812818
0.138851856
0.138897763
0.138950398
0.139009459
0.139074382
0.139144524
0.139219029
0.139296983
0.139377358
0.139459043
0.139540926
0.139621848
0.139700697
0.13977638
0.139847917
0.139914413
0.139975104
0.140029426
0.140076982
0.140117632
0.140151365
0.14017853
0.140199562
0.140215222
0.140226369
0.140234058
0.140239429
0.140243697
0.140248117
0.140253912
0.140262241
0.140274199
0.140290745
0.140312719
0.140340807
0.140375596
0.140417499
0.140466864
0.14052389
0.140588737
0.14066147
0.140742129
0.140830692
0.140927086
0.141031216
0.141142912
0.14126194
0.141387996
0.141520686
0.141659482
0.14180379
0.141952857
0.142105872
0.142261864
0.142419854
0.142578758
0.142737483
0.142894955
0.14305009
0.143201908
0.143349495
0.143492069
0.143628943
0.143759589
0.143883629
0.144000818
0.144111092
0.144214459
0.144311145
0.144401452
0.144485822
0.144564794
0.144639035
0.144709281
0.144776351
0.144841113
0.144904481
0.144967387
0.145030726
0.145095356
0.14516205
0.145231429
0.145304002
0.145380034
0.145459627
0.145542603
0.145628613
0.145717007
0.145807003
0.145897574
0.145987655
0.146076049
0.14616156
0.146243122
0.14631971
0.146390568
0.146455151
0.146513233
0.146564906
0.146610616
0.14665118
0.146687665
0.146721558
0.146754462
0.146788299
0.146824991
0.146866583
0.146915044
0.146972192
0.147039715
0.147118894
0.147210802
0.147315969
0.147434572
0.147566254
0.147710185
0.147865075
0.148029143
0.148200296
0.148376019
0.148553674
0.148730416
0.148903435
0.149070056
0.149227763
0.149374578
0.149508766
0.149629404
0.149735956
0.14982875
0.149908636
0.149977158
0.150036379
0.150088807
0.150137296
0.150184814
0.150234349
0.150288718
0.150350352
0.150421314
0.150502877
0.150595907
0.150700263
0.15081538
0.150939797
0.151071648
0.151208541
0.151347798
0.151486679
0.151622384
0.151752436
0.151874648
0.151987334
0.152089447
0.152180452
0.15226061
0.152330602
0.152391849
0.15244603
0.15249532
0.152541981
0.15258835
0.152636763
0.152689257
0.152747734
0.152813608
0.152888019
0.152971645
0.153064816
0.153167514
0.153279408
0.153399962
0.15352844
0.153664042
0.153805872
0.153953054
0.154104712
0.154260016
0.154418138
0.154578277
0.15473963
0.154901361
0.155062593
0.15522241
0.155379835
0.155533867
0.155683509
0.155827761
0.155965784
0.156096825
0.156220356
0.156336151
0.156444211
0.156544958
0.156639024
0.156727503
0.156811601
0.156892871
0.15697287
0.157053236
0.157135524
0.157221025
0.157310861
0.157405653
0.157505722
0.157610851
0.157720446
0.157833499
0.157948663
0.158064383
0.158178943
0.158290715
0.158398134
0.15849988
0.158595068
0.158683132
0.158764073
0.158838229
0.158906506
0.158970109
0.159030546
0.159089532
0.159148744
0.159209916
0.159274499
0.159343737
0.159418439
0.159499154
0.159585918
0.159678468
0.159776199
0.159878247
0.159983649
0.160091369
0.160200408
0.160309937
0.160419278
0.160528072
0.160636131
0.160743625
0.160850818
0.160958236
0.161066446
0.161176013
0.161287464
0.161401196
0.161517396
0.161636047
0.161756939
0.161879623
0.162003474
0.162127797
0.162251837
0.162374841
0.162496186
0.162615345
0.162732054
0.162846163
0.16295784
0.163067332
0.163175127
0.163281754
0.163387759
0.163493689
0.163599939
0.163706811
0.163814342
0.163922439
0.164030781
0.164138916
0.16424624
0.164352113
0.164455932
0.16455715
0.164655391
0.164750485
0.164842431
0.164931588
0.165018428
0.165103741
0.165188394
0.16527333
0.165359547
0.165447932
0.165539219
0.165633898
0.165732233
0.16583413
0.16593923
0.166046799
0.166155895
0.16626533
0.166373747
0.16647979
0.166582026
0.166679193
0.16677014
0.166854002
0.166930175
0.166998338
0.167058587
0.167111279
0.167157148
0.167197176
0.167232661
0.167265
0.167295869
0.167326926
0.167359905
0.167396541
0.167438415
0.167487036
0.167543685
0.167609436
0.167685119
0.167771224
0.167867957
0.167975206
0.168092556
0.168219215
0.168354204
0.168496204
0.168643763
0.168795204
0.168948869
0.169103005
0.169255973
0.169406246
0.169552504
0.16969375
0.169829211
0.169958565
0.170081795
0.170199296
0.170311783
0.170420351
0.1705263
0.170631155
0.170736576
0.170844221
0.170955729
0.171072551
0.171195913
0.171326737
0.171465533
0.171612433
0.17176704
0.171928582
0.172095665
0.172266668
0.172439404
0.172611537
0.172780448
0.17294346
0.173097936
0.173241386
0.173371664
0.173486979
0.173586181
0.173668648
0.173734569
0.173784773
0.173820937
0.173845399
0.173861116
0.17387165
0.173880828
0.173892795
0.17391164
0.173941265
0.17398525
0.174046422
0.174127099
0.17422843
0.174350944
0.174493754
0.174655447
0.174833271
0.175024043
0.175223709
0.175427955
0.175632239
0.17583198
0.176023091
0.176201688
0.176364851
0.176510262
0.176636658
0.176743643
0.17683182
0.176902679
0.176958386
0.177001899
0.177036443
0.177065672
0.177093186
0.177122566
0.177157072
0.177199531
0.177252354
0.177317163
0.177395258
0.177487016
0.177592513
0.177711125
0.177841987
0.177983761
0.178134995
0.178294162
0.178459625
0.178629911
0.178803646
0.178979643
0.179156883
0.179334614
0.179512194
0.179689189
0.179865223
0.180040033
0.180213316
0.180384714
0.180553832
0.180720161
0.180882985
0.18104155
0.181194913
0.181342133
0.181482135
0.181613958
0.181736698
0.1818496
0.181952138
0.182044066
0.182125515
0.182196845
0.18225894
0.182312857
0.182360064
0.182402221
0.182441137
0.182478696
0.182516707
0.182556904
0.182600682
0.182649171
0.182703144
0.182762902
0.182828428
0.18289923
0.182974573
0.183053441
0.183134759
0.183217377
0.183300277
0.183382688
0.1834641
0.183544494
0.183624153
0.183703963
0.183785036
0.183868973
0.183957546
0.184052659
0.184156271
0.184270096
0.184395701
0.184534063
0.184685919
0.184851193
0.185029432
0.18521945
0.185419606
0.185627809
0.185841572
0.186058256
0.18627509
0.186489381
0.186698658
0.186900718
0.187093864
0.187276815
0.187448891
0.187609887
0.187760273
0.187900822
0.188032909
0.188158079
0.188278218
0.188395248
0.188511128
0.188627705
0.188746563
0.188869077
0.188996151
0.189128389
0.189265865
0.189408298
0.189554915
0.189704641
0.189856064
0.19000758
0.190157401
0.190303735
0.190444905
0.190579329
0.190705744
0.190823169
0.190931115
0.191029413
0.1911184
0.191198889
0.191271952
0.191339155
0.191402192
0.191462987
0.191523481
0.191585595
0.191651102
0.191721508
0.191798077
0.191881599
0.191972603
0.192071032
0.192176623
0.192288583
0.19240599
0.192527504
0.192651789
0.192777337
0.192902678
0.193026473
0.193147497
0.19326481
0.193377731
0.19348596
0.193589458
0.193688679
0.193784319
0.193877547
0.193969701
0.194062495
0.194157777
0.194257507
0.194363682
0.194478243
0.194602904
0.1947391
0.194887846
0.195049671
0.19522448
0.195411615
0.195609604
0.195816488
0.196029459
0.196245408
0.196460622
0.196671238
0.196873316
0.197063051
0.197237069
0.197392411
0.197527137
0.197639964
0.197730911
0.197800752
0.197851691
0.197886555
0.197909339
0.197924434
0.197936759
0.197951364
0.197973036
0.198006336
0.1980549
0.198121726
0.198208509
0.198316116
0.198444
0.198590749
0.198753893
0.19893021
0.199116006
0.199307211
0.199499829
0.199690017
0.199874456
0.200050396
0.200215858
0.200369731
0.200511655
0.20064214
0.200762223
0.200873599
0.200978171
0.201078127
0.201175576
0.201272441
0.201370362
0.201470563
0.201573892
0.20168065
0.201790839
0.201904024
0.202019659
0.20213699
0.202255264
0.202373876
0.202492319
0.202610404
0.202728112
0.202845783
0.202963849
0.20308297
0.203203788
0.203326904
0.203452867
0.203581863
0.203713856
0.20384843
0.203984852
0.204121989
0.204258467
0.204392665
0.204522886
0.204647454
0.204764729
0.204873447
0.204972536
0.205061467
0.205140109
0.205208819
0.205268484
0.205320346
0.205366065
0.205407543
0.205446892
0.205486223
0.205527607
0.205572949
0.205623888
0.205681819
0.205747645
0.205822009
0.205905042
0.205996611
0.206096209
0.206203062
0.206316191
0.206434483
0.206556714
0.206681715
0.206808318
0.206935411
0.207062108
0.207187599
0.207311281
0.207432721
0.207551691
0.20766808
0.207782019
0.207893715
0.208003527
0.208111888
0.208219306
0.208326329
0.208433503
0.208541373
0.208650375
0.208760903
0.208873183
0.208987348
0.20910336
0.209220974
0.209339794
0.209459311
0.209578828
0.209697535
0.209814603
0.209929126
0.210040313
0.210147411
0.210249911
0.210347436
0.210439929
0.210527673
0.210611233
0.210691514
0.210769798
0.210847629
0.210926798
0.211009303
0.211097198
0.211192574
0.211297411
0.211413442
0.211542193
0.211684664
0.211841514
0.212012742
0.212197954
0.212395981
0.212605315
0.212823752
0.213048878
0.213277736
0.21350731
0.213734415
0.213955942
0.21416897
0.214370804
0.214559295
0.214732597
0.214889691
0.215029901
0.215153451
0.215260945
0.215353815
0.215433775
0.215503202
0.215564694
0.215621155
0.215675636
0.215731136
0.215790668
0.215856929
0.215932423
0.216019131
0.216118747
0.216232253
0.216360194
0.216502419
0.216658308
0.216826559
0.217005402
0.217192574
0.217385456
0.217581127
0.217776553
0.217968663
0.218154478
0.218331379
0.218496992
0.218649601
0.218787926
0.218911495
0.219020421
0.219115553
0.219198378
0.219270895
0.219335628
0.219395387
0.219453205
0.219512077
0.219574964
0.219644541
0.219723108
0.219812566
0.219914256
0.220029099
0.220157417
0.220299097
0.220453572
0.220619995
0.22079716
0.220983748
0.221178232
0.221379067
0.221584632
0.221793344
0.222003602
0.22221384
0.222422515
0.222628061
0.222829028
0.223023907
0.223211343
0.223390035
0.223558851
0.223716832
0.223863298
0.223997835
0.224120424
0.224231291
0.224331152
0.224420932
0.224501929
0.224575633
0.224643684
0.224707758
0.224769495
0.224830422
0.224891801
0.224954688
0.225019742
0.225087378
0.225157615
0.22523032
0.225305023
0.225381196
0.225458292
0.225535728
0.225613163
0.225690354
0.225767413
0.225844622
0.225922755
0.226002678
0.226085729
0.226173304
0.226267097
0.226368805
0.226480125
0.22660277
0.226738174
0.226887636
0.227052024
0.227231997
0.227427574
0.22763851
0.227863919
0.228102596
0.228352692
0.228612117
0.22887827
0.229148399
0.229419527
0.22968862
0.229952737
0.230209072
0.230455211
0.230689025
0.230909063
0.231114214
0.231304118
0.231478852
0.231639113
0.231785956
0.231920889
0.232045588
0.232161883
0.232271619
0.232376494
0.23247807
0.23257763
0.232676229
0.23277462
0.232873332
0.232972741
0.233073036
0.233174481
0.233277226
0.233381629
0.233488067
0.23359705
0.233709218
0.233825211
0.23394567
0.234071124
0.234201967
0.234338256
0.23447986
0.234626213
0.234776486
0.234929548
0.235084004
0.235238385
0.235391127
0.235540815
0.235686188
0.235826341
0.235960671
0.236089026
0.236211615
0.23632906
0.236442282
0.236552377
0.236660606
0.236768156
0.23687614
0.236985499
0.237096875
0.237210683
0.237327053
0.237445872
0.237566935
0.237689938
0.2378146
0.23794077
0.238068485
0.238198028
0.238329908
0.238464934
0.23860407
0.238748387
0.238899018
0.23905698
0.239223158
0.239398118
0.239582105
0.239775006
0.239976331
0.24018525
0.24040069
0.240621369
0.240845931
0.241073055
0.241301573
0.241530525
0.241759195
0.241987205
0.242214442
0.242440982
0.242667126
0.242893176
0.243119452
0.243346048
0.243572927
0.243799656
0.244025574
0.244249626
0.24447055
0.244686894
0.244897114
0.245099777
0.24529362
0.245477758
0.245651738
0.245815693
0.2459703
0.246116841
0.246257202
0.246393604
0.246528669
0.24666509
0.246805582
0.246952576
0.247108144
0.247273738
0.247450225
0.247637642
0.247835405
0.248042176
0.248256108
0.248474941
0.248696166
0.248917354
0.249136261
0.249351211
0.249561035
0.249765564
0.249965419
0.250162277
0.250358665
0.250557992
0.250764348
0.250982276
0.251216561
0.251471859
0.251752674
0.252062698
0.252405024
0.252781516
0.253193117
0.253639375
0.25411882
0.254628699
0.255165377
0.255724311
0.256300394
0.256888143
0.257481866
0.25807604
0.258665259
0.259244697
0.259809887
0.260357081
0.260882998
0.261385019
0.261860939
0.26230895
0.262727542
0.263115361
0.263471123
0.263793511
0.264081147
0.264332544
0.264546137
0.264720287
0.264853354
0.264943906
0.264990604
0.264992546
0.264949145
0.264860534
0.26472726
0.264550754
0.264332996
0.26407685
0.263785746
0.263463887
0.263115926
0.262747142
0.262363036
0.261969394
0.261572116
0.261176948
0.260789525
0.26041503
0.260058307
0.259723444
0.25941406
0.259132812
0.258881848
0.258662225
0.258474563
0.258318505
0.258193258
0.258097354
0.258028965
0.257985903
0.257965814
0.257966229
0.257984659
0.258018732
0.258066109
0.258124756
0.258192655
0.258268037
0.258349185
0.258434573
0.258522637
0.258611908
0.258700914
0.258788187
0.258872332
0.258952028
0.259026091
0.259093632
0.259153919
0.259206799
0.259252348
0.259291339
0.259324902
0.259354772
0.259383003
0.259412119
0.259444778
0.259483769
0.259531692
0.259590961
0.259663534
0.259750713
0.259853213
0.259970827
0.260102706
0.260247099
0.260401631
0.260563287
0.26072873
0.260894324
0.261056488
0.261211774
0.261357203
0.261490327
0.261609373
0.26171338
0.261802198
0.261876543
0.261937809
0.261988127
0.262030057
0.262066599
0.262100935
0.26213627
0.262175675
0.262221997
0.262277685
0.262344756
0.262424679
0.262518472
0.26262655
0.262748875
0.26288492
0.263033723
0.263193965
0.263364025
0.263541944
0.263725592
0.263912651
0.264100746
0.26428739
0.26447019
0.264646903
0.264815475
0.264974303
0.265122088
0.265258303
0.265382889
0.265496715
0.265601175
0.265698605
0.265791795
0.265884251
0.265979684
0.266081976
0.266194935
0.266321858
0.266465592
0.266627888
0.266809746
0.267010693
0.267229431
0.267463227
0.267708668
0.267961328
0.268216532
0.268469285
0.26871484
0.268948975
0.269168108
0.269369829
0.269552685
0.269716583
0.269862333
0.269992008
0.270108284
0.270214534
0.270314282
0.270411185
0.270508521
0.270609137
0.270715198
0.270828176
0.27094873
0.271076784
0.271211679
0.271352208
0.271496846
0.27164384
0.271791399
0.271937809
0.272081486
0.272221054
0.272355422
0.272483608
0.27260499
0.272719024
0.272825443
0.272924117
0.273015178
0.273098983
0.273176306
0.273248144
0.273316082
0.273381984
0.273448282
0.273517708
0.273593297
0.273678157
0.273775362
0.273887699
0.274017374
0.274166026
0.274334145
0.274521543
0.274726618
0.274947071
0.275179415
0.275419637
0.275663175
0.275905338
0.276141602
0.276367897
0.276580962
0.276778405
0.276959094
0.277122917
0.27727106
0.277405616
0.27752958
0.277646459
0.277760172
0.277874563
0.277993345
0.278119666
0.278256106
0.278404494
0.278565905
0.278740582
0.278928169
0.279127703
0.279337829
0.279556925
0.279783182
0.280014904
0.280250358
0.280488036
0.280726599
0.280964861
0.281201784
0.281436465
0.281668075
0.281895783
0.282118817
0.282336349
0.282547624
0.28275187
0.282948408
0.283136673
0.28331627
0.283486989
0.283648796
0.283801952
0.283946872
0.284084236
0.284214778
0.284339402
0.284458995
0.284574479
0.284686665
0.284796251
0.284903877
0.285009938
0.285114813
0.285218707
0.28532181
0.285424253
0.285526263
0.285628047
0.285730019
0.285832613
0.285936488
0.286042362
0.286151062
0.286263474
0.286380466
0.286502885
0.286631411
0.286766588
0.286908663
0.287057692
0.287213336
0.287375048
0.287541829
0.287712493
0.287885568
0.288059379
0.288232096
0.288401874
0.288566865
0.288725336
0.288875759
0.289016835
0.289147679
0.289267667
0.289376763
0.289475248
0.28956401
0.289644253
0.289717694
0.289786347
0.289852551
0.289918849
0.289987879
0.290062224
0.29014439
0.290236563
0.290340683
0.29045809
0.290589724
0.290735776
0.290895999
0.291069376
0.291254494
0.291449298
0.291651528
0.291858563
0.292067784
0.292276646
0.292482815
0.292684384
0.292879848
0.293068434
0.293249764
0.293424271
0.293592711
0.293756458
0.293917021
0.294076188
0.29423562
0.294396861
0.294561098
0.294729067
0.294901049
0.295076725
0.29525536
0.295435654
0.295616098
0.295794921
0.295970315
0.296140545
0.296304179
0.296460011
0.296607401
0.296746008
0.296876098
0.296998234
0.297113474
0.297223022
0.297328367
0.297431018
0.2975325
0.297634284
0.297737688
0.297843919
0.297953995
0.298068782
0.298188977
0.298315166
0.298447799
0.298587142
0.298733382
0.298886425
0.299046007
0.299211564
0.299382246
0.299556848
0.299733825
0.299911348
0.300087288
0.30025944
0.300425449
0.300583165
0.300730649
0.300866392
0.300989377
0.301099377
0.301196694
0.301282554
0.301358708
0.301427701
0.301492378
0.301555981
0.301621827
0.301693043
0.301772552
0.301862632
0.301965038
0.302080616
0.302209669
0.302351462
0.302504787
0.302667705
0.302837973
0.303013065
0.303190419
0.303367622
0.303542619
0.303713754
0.303880026
0.304040966
0.304196854
0.304348503
0.304497306
0.304645072
0.304793894
0.304946051
0.305103711
0.305268891
0.305443191
0.305627781
0.305823057
0.306028923
0.306244326
0.306467643
0.306696463
0.306927922
0.307158589
0.307384921
0.307603282
0.307810298
0.308002992
0.308179102
0.308337139
0.308476726
0.308598448
0.308704077
0.308796343
0.308878924
0.308956171
0.309032796
0.309113737
0.309203535
0.309306411
0.309425457
0.309562972
0.309719633
0.309895121
0.310087344
0.310293342
0.310508707
0.310728519
0.310947181
0.311159097
0.311358896
0.311541827
0.311704086
0.31184307
0.311957518
0.312047674
0.312115122
0.312162913
0.312195177
0.312217056
0.312234262
0.312252881
0.312279076
0.312318576
0.312376733
0.312457843
0.312565488
0.312701739
0.312867823
0.313063306
0.313286869
0.313535702
0.313806227
0.314093807
0.31439326
0.314698894
0.315004885
0.315305506
0.315595461
0.315869981
0.316125317
0.316358641
0.316568465
0.316754431
0.316917631
0.31706014
0.317185235
0.317296762
0.317399205
0.317497163
0.317595008
0.317696773
0.317805473
0.317923445
0.318051631
0.318190144
0.318337817
0.318492838
0.318652571
0.318814189
0.318974789
0.319131846
0.319283287
0.319427982
0.319565553
0.319696717
0.319822867
0.319946154
0.320069176
0.320194535
0.320324945
0.32046229
0.320608191
0.320763024
0.320926639
0.321097642
0.321274185
0.321453668
0.32163334
0.321810373
0.321982393
0.322147516
0.322304611
0.32245364
0.322595394
0.322731609
0.32286477
0.322997893
0.323134183
0.323276917
0.323428886
0.323592426
0.323768819
0.32395878
0.324161669
0.324376204
0.324600011
0.324830415
0.325064021
0.325297553
0.325527655
0.3257515
0.325966638
0.326171487
0.326365104
0.326547452
0.32671917
0.326881655
0.327036752
0.327186836
0.327334433
0.327482105
0.327632491
0.327787852
0.327950337
0.328121603
0.328303046
0.328495532
0.328699628
0.32891552
0.329143134
0.329382055
0.329631718
0.329891332
0.330159953
0.33043649
0.33071966
0.331008182
0.331300473
0.331594913
0.331889654
0.332182699
0.332471862
0.332754882
0.333029383
0.333292916
0.333543069
0.333777468
0.333994001
0.334190822
0.334366385
0.334519748
0.334650422
0.334758594
0.334845019
0.334911279
0.334959523
0.334992616
0.335013949
0.335027442
0.335037279
0.335048021
0.335064153
0.335090197
0.335130337
0.335188306
0.335267381
0.335369937
0.335497746
0.335651562
0.335831196
0.336035592
0.336262754
0.336509854
0.33677335
0.337049133
0.337332717
0.337619393
0.337904523
0.338183434
0.338452055
0.338706543
0.338943919
0.339161696
0.339358215
0.339532534
0.33968439
0.339814159
0.339922935
0.340012148
0.340083761
0.340140108
0.34018383
0.340217789
0.34024519
0.340269387
0.340293924
0.340322456
0.340358714
0.340406468
0.340469299
0.340550371
0.340652589
0.340777986
0.340927995
0.341102804
0.341301735
0.341522829
0.341763032
0.342018235
0.34228354
0.342553368
0.342821876
0.343083186
0.343331869
0.343563101
0.343773302
0.343959645
0.34412115
0.344257741
0.344371039
0.344463456
0.344538574
0.3446005
0.344653719
0.344702679
0.344751677
0.344804369
0.344863995
0.344932894
0.345012761
0.345104462
0.345208375
0.345324274
0.345451631
0.345589617
0.345737364
0.345893931
0.346058338
0.346229718
0.346407165
0.346589777
0.346776609
0.346966646
0.347158718
0.347351543
0.347543766
0.347733878
0.347920371
0.348101776
0.348276661
0.348443782
0.348602045
0.348750546
0.348888683
0.349016002
0.349132353
0.349237736
0.349332415
0.349416804
0.349491583
0.349557692
0.349616301
0.349668842
0.349717086
0.349763257
0.34980973
0.349859255
0.349914661
0.349978961
0.350055059
0.350145554
0.350252784
0.350378294
0.350523064
0.350687207
0.350869818
0.351069277
0.351282946
0.351507658
0.351739493
0.351974344
0.352207913
0.352436092
0.352655188
0.35286196
0.353054031
0.353229783
0.353388649
0.353530818
0.353657535
0.35377072
0.353872975
0.353967427
0.354057546
0.354146948
0.35423914
0.35433755
0.354445195
0.354564599
0.354697873
0.354846261
0.355010517
0.355190566
0.355385879
0.355595062
0.355816457
0.35604784
0.356286762
0.356530507
0.356776477
0.357021956
0.357264609
0.357502098
0.357732614
0.357954424
0.358166321
0.358367212
0.358556344
0.358733076
0.358897106
0.35904817
0.359186269
0.359311628
0.359424738
0.359526427
0.359618053
0.359701425
0.359778804
0.359853243
0.359927946
0.360006795
0.36009371
0.360192572
0.360307114
0.360440351
0.360594543
0.360770898
0.360969227
0.361188172
0.361424719
0.361674909
0.361933392
0.362194212
0.362450848
0.362696855
0.362926089
0.363133162
0.363313889
0.363465368
0.363586393
0.36367734
0.363740133
0.363778389
0.363796707
0.363800966
0.363797423
0.363792825
0.36379388
0.363806845
0.363837413
0.363890368
0.363969594
0.364077578
0.364215827
0.364384493
0.364582482
0.364807759
0.365057046
0.365326459
0.365611249
0.365906405
0.366206649
0.366506667
0.366801672
0.367087179
0.367359758
0.367616809
0.367856936
0.368079801
0.368286421
0.368478795
0.368659861
0.368833313
0.369003223
0.369173811
0.369349186
0.369532853
0.369727751
0.369935804
0.370158103
0.370394537
0.370644238
0.370905434
0.371175714
0.371452213
0.371731916
0.372011769
0.372288984
0.372560922
0.372825586
0.373081356
0.373327136
0.373562213
0.373786435
0.373999915
0.374203106
0.374396723
0.374581784
0.374759533
0.374931328
0.3750989
0.375263986
0.375428581
0.375594684
0.375764254
0.375939139
0.376120808
0.376310468
0.376508645
0.376715303
0.376929763
0.377150593
0.37737587
0.377603032
0.377829327
0.378051853
0.37826782
0.378474629
0.378670282
0.378853345
0.379023029
0.379179257
0.379322594
0.379454135
0.379575273
0.379687666
0.379793012
0.379892854
0.379988513
0.380081006
0.380171049
0.380259208
0.380345859
0.380431341
0.380516221
0.380601251
0.380687638
0.38077704
0.380871606
0.380973823
0.381086519
0.381212745
0.381355329
0.381516946
0.381699746
0.381905085
0.382133528
0.382384586
0.38265675
0.382947534
0.383253319
0.38356992
0.383892326
0.384215336
0.384533558
0.384841717
0.385135102
0.385409527
0.385661754
0.385889481
0.386091503
0.38626782
0.386419299
0.386548088
0.386656901
0.386749318
0.386829298
0.386901099
0.386968942
0.387036974
0.387108925
0.387188226
0.387277629
0.387379431
0.387495255
0.387626343
0.387773224
0.38793616
0.388114927
0.388308997
0.388517426
0.388738972
0.388971976
0.389214365
0.389463576
0.389716555
0.389969837
0.390219425
0.390461097
0.390690407
0.390902945
0.391094715
0.391262175
0.391402761
0.391514967
0.39159864
0.391655138
0.391687175
0.391699123
0.391696297
0.391685329
0.39167323
0.391667388
0.391675001
0.391702553
0.391755546
0.39183824
0.391953196
0.392101396
0.392281934
0.39249255
0.392729135
0.392986675
0.393259028
0.393539673
0.39382175
0.394098739
0.394364571
0.394614121
0.394843243
0.395049411
0.395231231
0.39538923
0.395525067
0.395642286
0.395745181
0.395839446
0.395931072
0.396026467
0.396131774
0.396252535
0.396393122
0.396556662
0.396744324
0.396955731
0.39718832
0.397438058
0.397699142
0.39796505
0.398228394
0.39848209
0.398719504
0.398935434
0.399126149
0.399290292
0.399428315
0.399543536
0.39964074
0.399726938
0.399810046
0.399898695
0.400001477
0.400126309
0.400279635
0.400466467
0.400689219
0.400948644
0.401242632
0.401567526
0.401917521
0.402285872
0.402664702
0.403046131
0.403422435
0.40378664
0.404132792
0.404456555
0.404754726
0.405026174
0.405270937
0.405490787
0.405688588
0.405868259
0.406034438
0.406192286
0.406347044
0.406504026
0.406668093
0.406843657
0.407034371
0.407243216
0.40747196
0.407721774
0.40799262
0.408283629
0.408593221
0.40891917
0.409258725
0.409608985
0.409966933
0.410329819
0.410695042
0.411060642
0.411425035
0.411787431
0.412147415
0.412505175
0.412861427
0.413217152
0.413573668
0.413932521
0.414295483
0.414664437
0.415041645
0.415429558
0.415831077
0.416249594
0.416688917
0.417153492
0.417648107
0.418177887
0.418748072
0.419363561
0.420028877
0.42074745
0.421521541
0.422351528
0.42323594
0.424171235
0.425151343
0.426168351
0.427211855
0.428270172
0.429329997
0.430377383
0.431397972
0.432377741
0.433303462
0.4341633
0.434946852
0.435646089
0.436254681
0.436769008
0.437187262
0.437510007
0.437739242
0.437878848
0.437933537
0.437909114
0.437811683
0.437647578
0.437422979
0.437143842
0.436815367
0.436442456
0.43602914
0.435579
0.435094976
0.434579744
0.434035604
0.433464854
0.432869793
0.432253023
0.431617332
0.430966112
0.430303095
0.42963254
0.428959045
0.428287623
0.4276234
0.426971653
0.426337431
0.425725674
0.425140865
0.424587001
0.42406751
0.42358522
0.423142429
0.422740684
0.422381078
0.422064137
0.421790088
0.421558516
0.421368781
0.42121979
0.42111011
0.421037857
0.421000581
0.420995492
0.421019087
0.421067632
0.421136682
0.421221637
0.421317786
0.421420342
0.421524896
0.421627678
0.421725523
0.421816509
0.421899541
0.421974998
0.422044161
0.422109441
0.422173816
0.422240793
0.422313724
0.422395626
0.42248876
0.422594294
0.422712115
0.422840979
0.422978136
0.423120305
0.423263304
0.423403174
0.423536184
0.423659772
0.423772618
0.423875363
0.423970117
0.424061215
0.42415401
0.424255247
0.424371749
0.424510149
0.424675837
0.424872621
0.425101705
0.425362072
0.425649426
0.425957585
0.42627788
0.426600626
0.426915494
0.427212835
0.427484171
0.42772362
0.427927564
0.428096192
0.42823218
0.428341596
0.42843228
0.428513805
0.428595971
0.428688162
0.428797955
0.428931041
0.429089643
0.429273649
0.429479176
0.429700421
0.429929128
0.43015644
0.430373049
0.430570887
0.430743284
0.430886509
0.430999054
0.431083066
0.431142919
0.431185849
0.431220524
0.431256707
0.431304084
0.431371777
0.43146721
0.431596036
0.431761197
0.431963671
0.432201575
0.432471553
0.432768368
0.433086213
0.433418683
0.433759896
0.434104502
0.434448468
0.43478889
0.435124337
0.435454394
0.435779854
0.436102034
0.436422593
0.436743077
0.437064804
0.437388266
0.437713424
0.438039146
0.438363814
0.438684976
0.438999995
0.439305893
0.439600069
0.439880035
0.440144171
0.440391385
0.440621562
0.440835268
0.44103386
0.441219223
0.44139358
0.441559344
0.441718813
0.441873986
0.442026482
0.442177283
0.442326839
0.442475077
0.442621467
0.442765182
0.442905354
0.443041115
0.44317194
0.443297714
0.443418889
0.443536446
0.443651968
0.443767528
0.443885462
0.444008221
0.444138254
0.444277445
0.444427379
0.444588733
0.444761469
0.444944646
0.445136454
0.445334556
0.4455359
0.445737281
0.445935496
0.446127568
0.446311122
0.446484537
0.446646946
0.446798538
0.44694033
0.44707417
0.447202394
0.447327602
0.447452358
0.447579037
0.447709107
0.447843512
0.447981988
0.448123479
0.448265912
0.448406724
0.448542901
0.448671614
0.44879034
0.448897608
0.448992927
0.449077392
0.449153264
0.449224499
0.449295772
0.449372699
0.44946082
0.449565411
0.449690544
0.449839159
0.450011782
0.450207472
0.450422874
0.450653089
0.450891822
0.451132138
0.451367064
0.451590494
0.451797454
0.451985229
0.452152915
0.452302245
0.452436688
0.45256167
0.452683487
0.452808733
0.45294359
0.453093184
0.453260682
0.453447477
0.453652514
0.453872967
0.454104275
0.454340859
0.454576765
0.454806528
0.455025624
0.455231113
0.455421904
0.455598861
0.455764663
0.455923378
0.456080021
0.456239942
0.456408118
0.456588694
0.45678461
0.456997186
0.45722627
0.457470053
0.457725822
0.457989846
0.458258015
0.458526222
0.45879081
0.459048502
0.459296883
0.459534071
0.459758971
0.459970868
0.460169498
0.460354748
0.460526806
0.460686087
0.460833193
0.46096937
0.461096199
0.461216055
0.461331954
0.461447439
0.461566466
0.461692918
0.461830112
0.461980649
0.462145244
0.462323144
0.462511107
0.462704046
0.462894723
0.463074696
0.463234656
0.463365744
0.463459895
0.463511758
0.463518391
0.463480813
0.463403811
0.463295715
0.463168508
0.463036214
0.462914662
0.462819493
0.462765293
0.462764276
0.462825259
0.462952692
0.463147176
0.463404038
0.463715664
0.464070447
0.464455269
0.464855581
0.465257289
0.465647123
0.466014268
0.466349866
0.466648414
0.466906709
0.467124335
0.467302574
0.467444291
0.467553142
0.467633084
0.46768815
0.467722109
0.467738655
0.467741444
0.467734434
0.467722335
0.467710613
0.467706128
0.467716493
0.467750679
0.467817881
0.46792741
0.468087558
0.468305335
0.468584849
0.468927872
0.469331991
0.469791667
0.470297514
0.470837282
0.471396273
0.471958467
0.472507319
0.473027262
0.473504313
0.47392724
0.474288053
0.474582191
0.474809089
0.474971159
0.475074281
0.475126256
0.47513696
0.475116984
0.475077371
0.475028939
0.474982089
0.474946095
0.474929624
0.474940027
0.474983748
0.475066177
0.475191386
0.475362388
0.475580429
0.475845395
0.476154873
0.476504529
0.476887768
0.477295996
0.477718923
0.478144904
0.478561763
0.478957666
0.479321946
0.479645897
0.479923716
0.480152611
0.480333753
0.48047121
0.480572674
0.480647603
0.480707305
0.480763049
0.480825691
0.480904013
0.481004835
0.481131438
0.4812845
0.481461458
0.481657713
0.481866784
0.482081583
0.482295063
0.482501457
0.482696243
0.482877309
0.483044354
0.483199263
0.483345201
0.48348639
0.483627127
0.483771181
0.483921152
0.484078172
0.484241599
0.484409134
0.484577196
0.484741264
0.484896738
0.48503936
0.485166189
0.485275718
0.485368663
0.48544755
0.48551724
0.485583877
0.485655037
0.485738409
0.485841719
0.485971337
0.48613239
0.486327364
0.486556674
0.486817757
0.487105714
0.487413383
0.487731719
0.488050695
0.488359721
0.488648733
0.488908761
0.489132681
0.489315707
0.489456331
0.489555571
0.4896181
0.489651079
0.489664309
0.489669133
0.489677915
0.489702904
0.489755482
0.489844885
0.489978008
0.49015817
0.490385332
0.490655913
0.490962828
0.491296655
0.491645633
0.4919974
0.492339405
0.492660568
0.492951389
0.49320565
0.493419809
0.49359443
0.493732792
0.493841568
0.493929726
0.494007821
0.494087349
0.494179691
0.494295401
0.49444345
0.494630886
0.494862043
0.495138919
0.49546042
0.495823269
0.496221546
0.496647639
0.497092239
0.497545205
0.497995798
0.498433575
0.498848625
0.499232505
0.499578317
0.499881463
0.500139795
0.500353426
0.500525371
0.500660492
0.500765762
0.500849134
0.500919238
0.500984292
0.501051909
0.501127743
0.501215789
0.501317553
0.501432359
0.501557643
0.501689184
0.50182193
0.501950531
0.502070123
0.502176863
0.502268452
0.502344097
0.50240493
0.502453136
0.502492334
0.502526331
0.502559198
0.502594363
0.50263473
0.502682032
0.502737399
0.502801247
0.502873727
0.502955138
0.503046312
0.503148793
0.503265107
0.503398381
0.503552234
0.50373021
0.503935134
0.504168326
0.504429598
0.504715972
0.505022661
0.50534224
0.50566589
0.505983774
0.506286128
0.506564135
0.506811197
0.507023245
0.507199751
0.507343654
0.507460872
0.507560375
0.507652567
0.507748791
0.507859865
0.507995137
0.508161316
0.508362584
0.508599168
0.508868619
0.50916532
0.509481696
0.509808776
0.51013725
0.510458111
0.51076382
0.511048196
0.51130732
0.511539155
0.511743514
0.511921829
0.512076511
0.512210765
0.512327833
0.512431067
0.512523221
0.512606706
0.512683407
0.512754717
0.512821656
0.512884976
0.512945244
0.513002948
0.51305858
0.513112553
0.51316532
0.513217295
0.513269045
0.513321208
0.513374579
0.513430285
0.513489799
0.513555004
0.513628048
0.513711382
0.513807531
0.513918832
0.514047169
0.514193748
0.51435872
0.514541143
0.514738718
0.51494824
0.515165376
0.515385414
0.515603342
0.515814824
0.516016093
0.516205112
0.516381127
0.516545496
0.516701121
0.516852562
0.517005586
0.51716645
0.517341599
0.517536799
0.517756686
0.518004163
0.518280399
0.518584148
0.518912245
0.519259452
0.519618983
0.519982774
0.520342079
0.520688004
0.521011993
0.521306207
0.521564049
0.521780544
0.52195215
0.522077509
0.522156773
0.522192164
0.52218734
0.522147501
0.52207913
0.521989464
0.521886644
0.521778886
0.521674709
0.521582291
0.521509511
0.521463528
0.521450788
0.521476757
0.521545844
0.521661366
0.521825283
0.522038386
0.522299884
0.522607666
0.522958114
0.52334614
0.523765524
0.524208767
0.524667689
0.525133696
0.525598347
0.526053688
0.526493049
0.526911152
0.527304944
0.52767322
0.528017147
0.528339591
0.528644999
0.528938534
0.529225398
0.52951
0.52979513
0.530081617
0.530367312
0.530647844
0.530915938
0.531162737
0.531378101
0.531552119
0.531675782
0.531742834
0.531749807
0.531697869
0.531592486
0.531443532
0.531265444
0.531075407
0.530893173
0.530738867
0.53063224
0.53059014
0.530626549
0.530749722
0.530963278
0.531264464
0.531644989
0.532091586
0.532586427
0.533109197
0.533637771
0.534150591
0.534627415
0.535051813
0.535411043
0.535698509
0.535912743
0.536058418
0.536145559
0.536188375
0.536204846
0.536214118
0.53623579
0.536287464
0.536384028
0.53653513
0.536746122
0.537015724
0.537337828
0.537701317
0.538091454
0.53849154
0.538884503
0.539254701
0.539589282
0.539879877
0.540122266
0.540317993
0.540472337
0.540594718
0.540696219
0.540788788
0.540882901
0.540986777
0.541104485
0.541235988
0.541376687
0.541517876
0.541648362
0.541755102
0.541825583
0.541848951
0.541818083
0.541729698
0.54158636
0.54139508
0.541168031
0.54092063
0.540670854
0.540437209
0.540237599
0.540087552
0.539999319
0.539981302
0.540037047
0.540166552
0.540365333
0.540626379
0.540940154
0.541295878
0.541682321
0.542088476
0.542503902
0.54291948
0.543327293
0.543720859
0.544095354
0.54444731
0.544775106
0.545078629
0.545359538
0.545621224
0.54586855
0.54610766
0.546345601
0.546589535
0.546846171
0.547120861
0.547416733
0.547734202
0.548070403
0.548418815
0.548770093
0.549111909
0.549430697
0.549712134
0.549943215
0.550112974
0.550214588
0.550245344
0.550208068
0.550110901
0.549966433
0.549791699
0.549606034
0.549430094
0.549283741
0.549185029
0.549147791
0.549181939
0.549291242
0.549474418
0.549724798
0.550030884
0.550377977
0.550748929
0.551125911
0.551491624
0.551831029
0.552131687
0.552385836
0.552589516
0.55274386
0.552854595
0.552930994
0.552986211
0.553035058
0.553093893
0.553178433
0.553303453
0.553480637
0.553718654
0.554021461
0.554388493
0.554814737
0.555290242
0.555801969
0.556333671
0.556868012
0.557387051
0.557874655
0.558316541
0.558702456
0.559026143
0.559285908
0.559484877