0.01797811
0.017991343
0.018005477
0.018020365
0.018035803
0.018051578
0.018067459
0.01808321
0.018098612
0.018113484
0.018127658
0.018141042
0.01815358
0.01816526
0.018176156
0.018186358
0.018196017
0.018205321
0.018214469
0.018223678
0.018233167
0.018243138
0.018253762
0.018265197
0.018277534
0.018290835
0.018305121
0.018320341
0.018336435
0.018353285
0.01837075
0.018388678
0.018406903
0.018425255
0.018443594
0.018461787
0.018479729
0.018497364
0.018514653
0.018531608
0.018548282
0.018564744
0.01858111
0.018597509
0.018614081
0.01863098
0.018648355
0.018666337
0.018685053
0.018704602
0.018725044
0.018746432
0.018768766
0.018792022
0.018816158
0.018841082
0.0188667
0.018892895
0.018919535
0.01894649
0.01897363
0.019000826
0.019027972
0.019054977
0.019081767
0.019108311
0.019134593
0.019160633
0.019186495
0.019212257
0.01923805
0.019264026
0.019290363
0.019317277
0.019344992
0.019373755
0.019403828
0.019435468
0.019468943
0.019504508
0.019542404
0.019582853
0.019626061
0.019672182
0.01972136
0.019773684
0.019829203
0.019887939
0.019949841
0.020014845
0.020082829
0.020153624
0.020227052
0.020302872
0.020380833
0.020460659
0.020542049
0.020624695
0.020708281
0.020792489
0.020877006
0.020961533
0.021045778
0.021129488
0.02121243
0.021294403
0.021375277
0.021454935
0.021533352
0.021610562
0.021686641
0.02176179
0.021836241
0.021910331
0.021984483
0.022059155
0.022134921
0.022212381
0.022292183
0.022375018
0.022461582
0.022552552
0.022648601
0.022750342
0.022858301
0.022972974
0.023094682
0.023223682
0.023360117
0.023503945
0.02365508
0.02381326
0.023978142
0.024149324
0.024326297
0.024508542
0.024695539
0.024886767
0.025081752
0.025280139
0.025481601
0.025685988
0.025893276
0.026103523
0.026317037
0.026534175
0.026755462
0.026981567
0.027213197
0.027451186
0.027696405
0.027949732
0.028212058
0.02848426
0.028767135
0.029061445
0.02936788
0.029687009
0.030019376
0.030365394
0.030725429
0.031099803
0.031488768
0.031892579
0.032311489
0.032745758
0.033195689
0.033661667
0.034144091
0.034643487
0.035160449
0.035695623
0.03624978
0.036823713
0.037418285
0.038034402
0.038672969
0.039334882
0.040021038
0.040732253
0.041469288
0.042232847
0.043023477
0.043841678
0.044687813
0.045562089
0.046464684
0.047395574
0.04835468
0.049341835
0.050356759
0.051399148
0.052468624
0.053564785
0.054687241
0.055835597
0.057009487
0.058208643
0.059432852
0.060682
0.0619562
0.063255616
0.064580754
0.065932317
0.067311233
0.068718973
0.070157127
0.071627913
0.07313398
0.074678295
0.076264686
0.077897229
0.079580688
0.081320487
0.083122297
0.084992614
0.086938152
0.088965987
0.09108357
0.093298351
0.095617725
0.09804906
0.100599198
0.103274318
0.106080274
0.109021243
0.112100802
0.115321061
0.118681964
0.122182883
0.125820047
0.129588452
0.13348119
0.137488228
0.141598805
0.145798872
0.150072761
0.154403381
0.158770694
0.163154178
0.167531159
0.171877746
0.176169482
0.180380582
0.184485047
0.188456609
0.19226886
0.195895626
0.19931153
0.20249141
0.205411565
0.20804943
0.210383277
0.212394124
0.214063678
0.215376283
0.216318756
0.216879064
0.217049393
0.216823117
0.216196925
0.215170977
0.213746695
0.211930513
0.209730381
0.207157441
0.204226713
0.20095426
0.197360564
0.19346757
0.189299369
0.18488295
0.180245852
0.175417753
0.170429127
0.165310842
0.160094224
0.154810544
0.14949009
0.144162659
0.13885682
0.133598843
0.128414362
0.12332566
0.118353272
0.113515817
0.108827923
0.104303368
0.099952062
0.095781672
0.09179826
0.088004133
0.084400865
0.080987327
0.077760647
0.074717112
0.071850923
0.069155827
0.066624604
0.064249304
0.062021821
0.059933692
0.057976385
0.056141558
0.054421036
0.052806807
0.051291475
0.049867808
0.048529146
0.047269355
0.046082526
0.044963512
0.043907377
0.04290966
0.041966393
0.041073752
0.040228463
0.039427409
0.038667757
0.037947
0.037262714
0.036612807
0.035995281
0.03540831
0.03485028
0.034319618
0.03381496
0.033335006
0.032878554
0.032444535
0.032031899
0.031639692
0.031267002
0.030912936
0.030576642
0.030257265
0.029953954
0.029665843
0.029392057
0.029131693
0.028883846
0.028647586
0.028421983
0.028206107
0.027999068
0.027799978
0.02760804
0.027422499
0.027242681
0.027068051
0.02689812
0.026732567
0.026571175
0.026413807
0.026260496
0.026111307
0.025966412
0.025826043
0.025690437
0.025559848
0.025434524
0.025314634
0.025200296
0.025091564
0.024988328
0.024890446
0.024797613
0.024709421
0.024625411
0.024544989
0.024467538
0.024392411
0.024318937
0.024246471
0.024174448
0.024102329
0.02402971
0.023956303
0.023881889
0.023806468
0.023730094
0.02365297
0.023575435
0.023497862
0.023420749
0.02334462
0.023270011
0.023197472
0.023127529
0.023060629
0.022997195
0.022937546
0.022881894
0.022830414
0.022783113
0.022739962
0.02270083
0.022665498
0.022633719
0.022605169
0.022579508
0.02255638
0.022535418
0.022516261
0.02249858
0.022482052
0.022466395
0.022451364
0.022436735
0.022422336
0.02240802
0.022393669
0.022379204
0.022364562
0.02234971
0.022334635
0.022319338
0.022303847
0.022288196
0.022272438
0.022256638
0.022240868
0.022225213
0.02220976
0.022194597
0.022179809
0.022165477
0.022151663
0.022138423
0.022125775
0.022113722
0.022102231
0.022091229
0.022080631
0.022070289
0.022060046
0.022049716
0.022039083
0.022027928
0.022016034
0.022003178
0.021989167
0.021973842
0.021957063
0.021938767
0.021918926
0.021897574
0.021874831
0.021850843
0.021825857
0.021800154
0.021774056
0.021747948
0.021722221
0.021697278
0.021673534
0.021651378
0.02163116
0.021613215
0.021597787
0.021585083
0.02157524
0.021568292
0.021564243
0.021562981
0.021564343
0.021568118
0.021574008
0.021581706
0.021590859
0.021601096
0.021612049
0.021623357
0.021634672
0.021645696
0.021656152
0.021665818
0.021674537
0.021682179
0.021688704
0.021694107
0.021698432
0.02170179
0.021704308
0.021706162
0.021707551
0.021708682
0.021709777
0.021711058
0.021712725
0.021714976
0.021717977
0.021721858
0.021726733
0.021732652
0.02173964
0.021747683
0.021756701
0.021766603
0.021777228
0.021788396
0.021799893
0.02181147
0.021822864
0.021833799
0.021843985
0.021853148
0.021861022
0.021867351
0.021871931
0.02187458
0.021875159
0.021873608
0.021869881
0.021864039
0.021856173
0.021846435
0.021835061
0.021822298
0.021808472
0.021793924
0.02177902
0.021764144
0.021749679
0.021735978
0.02172339
0.021712219
0.021702708
0.021695079
0.021689458
0.021685934
0.021684533
0.021685199
0.021687859
0.021692356
0.021698513
0.021706123
0.021714949
0.021724751
0.021735288
0.021746324
0.021757637
0.021769033
0.021780326
0.021791372
0.021802043
0.021812232
0.021821866
0.02183087
0.0218392
0.021846814
0.021853677
0.021859761
0.021865039
0.021869493
0.021873101
0.021875861
0.021877777
0.021878871
0.021879192
0.021878806
0.021877821
0.021876379
0.02187464
0.021872824
0.021871162
0.02186992
0.021869383
0.021869844
0.021871588
0.021874902
0.021880028
0.021887175
0.02189652
0.021908137
0.02192208
0.021938292
0.021956649
0.021976974
0.021998975
0.022022338
0.022046678
0.022071562
0.022096551
0.022121186
0.022145013
0.022167615
0.022188605
0.022207642
0.022224475
0.022238886
0.02225077
0.022260089
0.022266859
0.022271211
0.022273298
0.022273352
0.022271645
0.022268466
0.022264131
0.022258962
0.022253256
0.022247311
0.022241385
0.022235698
0.022230449
0.022225771
0.022221776
0.022218533
0.022216067
0.022214389
0.022213479
0.0222133
0.022213812
0.022214968
0.022216719
0.022219029
0.022221864
0.0222252
0.022229026
0.022233334
0.022238122
0.022243395
0.022249149
0.02225538
0.02226208
0.02226922
0.022276771
0.022284691
0.02229292
0.022301398
0.022310058
0.02231883
0.022327652
0.022336468
0.022345236
0.022353938
0.022362564
0.022371136
0.022379703
0.02238832
0.022397077
0.022406068
0.022415392
0.022425155
0.022435452
0.022446355
0.022457925
0.022470177
0.022483094
0.02249663
0.022510671
0.022525094
0.022539714
0.022554324
0.022568702
0.022582604
0.022595783
0.022608019
0.022619098
0.02262885
0.022637158
0.02264393
0.022649168
0.022652911
0.022655255
0.022656377
0.02265647
0.022655789
0.022654613
0.022653229
0.022651933
0.022651015
0.022650726
0.022651307
0.022652947
0.022655782
0.022659928
0.022665426
0.022672292
0.022680506
0.022690012
0.022700746
0.02271263
0.022725584
0.022739542
0.022754454
0.022770274
0.02278699
0.022804599
0.022823105
0.022842523
0.022862856
0.022884083
0.022906173
0.022929036
0.022952543
0.022976523
0.023000717
0.023024851
0.023048574
0.0230715
0.023093227
0.023113338
0.023131418
0.02314711
0.023160086
0.023170098
0.023177022
0.023180776
0.02318147
0.023179292
0.023174541
0.02316768
0.023159201
0.023149718
0.02313989
0.023130379
0.023121853
0.023114952
0.023110203
0.023108099
0.023108971
0.023113005
0.023120315
0.023130764
0.023144166
0.023160167
0.023178291
0.023198029
0.023218778
0.023239927
0.0232609
0.023281149
0.023300192
0.023317701
0.023333393
0.023347187
0.023359115
0.02336931
0.023378096
0.023385835
0.023393004
0.023400134
0.023407754
0.023416392
0.023426554
0.023438621
0.023452928
0.023469681
0.02348892
0.023510632
0.023534592
0.023560509
0.023587982
0.023616506
0.023645555
0.023674562
0.023702958
0.023730229
0.023755907
0.023779586
0.023801013
0.023819977
0.023836419
0.023850396
0.023862018
0.023871538
0.023879239
0.023885454
0.023890554
0.023894889
0.023898785
0.023902547
0.023906387
0.023910466
0.023914881
0.023919618
0.023924637
0.023929809
0.023934972
0.023939946
0.023944529
0.023948538
0.023951832
0.023954291
0.023955869
0.023956592
0.023956523
0.023955824
0.023954684
0.023953348
0.02395209
0.023951186
0.023950895
0.023951467
0.023953072
0.023955832
0.023959809
0.023964938
0.023971123
0.023978157
0.023985766
0.023993648
0.024001439
0.024008774
0.024015316
0.02402074
0.024024791
0.02402731
0.024028186
0.024027474
0.024025293
0.024021874
0.024017586
0.024012828
0.024008118
0.024003995
0.024001012
0.023999731
0.024000686
0.024004316
0.024011035
0.024021116
0.02403473
0.024051966
0.02407273
0.024096882
0.024124138
0.024154131
0.024186449
0.024220602
0.024256086
0.024292403
0.024329055
0.02436559
0.024401617
0.024436776
0.024470822
0.024503551
0.024534841
0.024564658
0.024592998
0.024619949
0.024645624
0.024670174
0.024693789
0.024716668
0.024739036
0.024761128
0.024783195
0.024805502
0.024828337
0.024852025
0.024876901
0.024903368
0.024931861
0.024962859
0.024996914
0.025034593
0.025076538
0.025123406
0.025175868
0.025234604
0.025300277
0.025373473
0.025454753
0.025544548
0.025643165
0.025750821
0.025867465
0.025992983
0.026126989
0.026268914
0.026418053
0.026573411
0.026733924
0.026898311
0.027065171
0.027233043
0.027400353
0.027565526
0.027727002
0.027883236
0.028032784
0.028174328
0.028306622
0.028428678
0.028539602
0.028638716
0.028725574
0.028799824
0.028861416
0.028910366
0.028946891
0.028971336
0.028984109
0.028985742
0.028976788
0.028957829
0.02892946
0.028892249
0.028846729
0.028793412
0.028732743
0.028665132
0.028590956
0.028510544
0.028424224
0.028332334
0.028235206
0.028133236
0.02802687
0.027916597
0.027803042
0.027686862
0.027568841
0.027449849
0.027330798
0.027212707
0.027096604
0.026983534
0.026874544
0.026770623
0.02667267
0.026581533
0.026497848
0.026422166
0.026354845
0.026296015
0.02624572
0.026203697
0.026169605
0.026142913
0.026122932
0.026108923
0.026100028
0.026095365
0.026094061
0.026095247
0.02609812
0.026101994
0.02610622
0.026110348
0.02611401
0.026116969
0.02611917
0.026120599
0.026121419
0.026121845
0.026122154
0.026122688
0.026123795
0.02612582
0.026129102
0.026133918
0.026140503
0.026149044
0.026159619
0.026172279
0.02618697
0.026203584
0.026221963
0.026241875
0.026263076
0.026285277
0.026308175
0.026331467
0.026354852
0.026378041
0.026400774
0.026422812
0.026443958
0.026464052
0.026482965
0.026500635
0.026517014
0.026532122
0.026546012
0.02655877
0.02657054
0.026581473
0.026591773
0.026601653
0.026611347
0.026621099
0.026631148
0.026641726
0.026653051
0.026665307
0.026678641
0.02669317
0.026708935
0.026725949
0.026744149
0.026763414
0.026783589
0.026804439
0.026825717
0.026847121
0.026868341
0.026889061
0.02690897
0.026927768
0.026945213
0.026961084
0.026975229
0.02698757
0.02699806
0.027006772
0.027013804
0.027019344
0.027023632
0.027026944
0.027029613
0.027031982
0.027034413
0.027037274
0.027040914
0.027045662
0.02705183
0.02705967
0.027069413
0.027081235
0.027095257
0.027111576
0.027130214
0.027151172
0.027174402
0.027199817
0.027227307
0.027256722
0.027287903
0.027320659
0.02735479
0.027390084
0.027426316
0.027463261
0.027500694
0.027538389
0.027576131
0.027613714
0.027650942
0.027687649
0.027723676
0.0277589
0.027793214
0.027826538
0.027858827
0.027890043
0.027920187
0.027949267
0.027977305
0.028004337
0.028030396
0.028055511
0.028079716
0.028103023
0.028125432
0.028146934
0.028167498
0.028187089
0.028205659
0.02822315
0.028239513
0.028254706
0.028268691
0.028281468
0.028293043
0.028303465
0.028312816
0.028321197
0.028328762
0.028335679
0.028342147
0.02834839
0.028354635
0.028361111
0.02836806
0.028375692
0.028384207
0.028393783
0.028404548
0.028416632
0.028430095
0.028444981
0.0284613
0.028479028
0.028498122
0.028518517
0.028540126
0.028562867
0.028586636
0.028611331
0.028636857
0.02866311
0.028689989
0.028717394
0.028745219
0.028773355
0.02880169
0.028830093
0.028858438
0.028886577
0.028914355
0.028941608
0.028968179
0.028993895
0.029018606
0.029042169
0.029064457
0.029085386
0.029104886
0.029122953
0.029139603
0.029154911
0.029169016
0.02918207
0.029194299
0.029205947
0.029217294
0.029228641
0.029240289
0.029252531
0.029265666
0.02927993
0.029295543
0.029312669
0.029331398
0.02935179
0.029373795
0.029397334
0.029422241
0.029448302
0.029475265
0.029502816
0.029530637
0.029558398
0.029585766
0.029612438
0.029638157
0.029662686
0.029685887
0.029707658
0.029727989
0.029746962
0.029764694
0.029781422
0.029797406
0.029812971
0.029828493
0.029844338
0.029860897
0.029878548
0.029897608
0.029918382
0.02994109
0.029965872
0.029992825
0.030021904
0.030053031
0.030086024
0.030120622
0.030156529
0.030193375
0.030230769
0.030268315
0.0303056
0.030342247
0.030377917
0.030412289
0.030445147
0.030476287
0.03050562
0.030533096
0.030558734
0.030582628
0.030604903
0.030625737
0.030645335
0.030663915
0.030681708
0.03069894
0.030715816
0.030732534
0.030749259
0.030766125
0.030783256
0.03080072
0.030818588
0.030836901
0.030855691
0.030874981
0.030894795
0.03091516
0.030936119
0.030957728
0.03098006
0.031003204
0.031027267
0.031052384
0.031078688
0.03110633
0.03113547
0.031166252
0.031198826
0.031233319
0.031269828
0.031308431
0.031349165
0.031392007
0.031436908
0.031483736
0.031532328
0.031582424
0.031633726
0.031685874
0.031738417
0.031790893
0.031842754
0.031893434
0.031942344
0.031988864
0.032032399
0.032072365
0.032108208
0.032139457
0.032165693
0.032186588
0.032201961
0.032211689
0.03221585
0.032214606
0.032208278
0.032197351
0.032182377
0.032164104
0.032143327
0.032120954
0.032097953
0.032075316
0.032054059
0.032035188
0.032019633
0.032008296
0.032001952
0.032001259
0.032006792
0.032018886
0.032037821
0.032063638
0.032096256
0.032135444
0.032180785
0.032231797
0.032287818
0.032348139
0.032411965
0.032478444
0.032546725
0.032615942
0.032685247
0.032753866
0.032821052
0.032886159
0.032948643
0.033008011
0.033063944
0.033116173
0.033164562
0.033209075
0.03324974
0.033286718
0.033320188
0.033350423
0.033377727
0.033402435
0.033424906
0.033445501
0.033464581
0.033482492
0.033499558
0.03351608
0.033532328
0.033548532
0.033564898
0.033581589
0.03359873
0.033616424
0.033634721
0.033653659
0.033673226
0.033693389
0.033714081
0.033735207
0.033756637
0.033778215
0.03379977
0.033821088
0.033841956
0.033862139
0.033881399
0.033899495
0.033916213
0.033931339
0.033944721
0.03395623
0.033965802
0.033973455
0.033979242
0.033983345
0.033985995
0.033987513
0.03398832
0.033988868
0.033989713
0.03399143
0.033994628
0.033999934
0.034007949
0.034019238
0.034034337
0.034053657
0.034077565
0.034106282
0.03413991
0.034178456
0.034221738
0.034269512
0.034321359
0.034376786
0.034435214
0.03449596
0.034558333
0.034621605
0.034685038
0.034747948
0.034809682
0.034869641
0.034927359
0.034982397
0.035034484
0.035083411
0.035129079
0.035171509
0.035210762
0.035247016
0.035280476
0.03531139
0.035340043
0.035366705
0.03539165
0.035415138
0.035437382
0.035458585
0.035478903
0.035498457
0.035517358
0.035535671
0.035553474
0.035570834
0.035587823
0.03560453
0.035621076
0.035637591
0.035654248
0.035671226
0.035688738
0.035706994
0.03572621
0.035746578
0.035768281
0.035791428
0.035816116
0.035842359
0.035870106
0.035899273
0.03592967
0.035961098
0.0359933
0.036025995
0.036058917
0.036091805
0.036124426
0.036156645
0.036188347
0.036219548
0.036250344
0.036280907
0.036311534
0.036342566
0.03637442
0.036407558
0.036442424
0.03647947
0.036519087
0.036561565
0.036607142
0.036655859
0.036707655
0.036762328
0.036819458
0.036878572
0.036938977
0.036999933
0.037060599
0.037120088
0.037177519
0.037232047
0.037282863
0.037329325
0.037370873
0.037407138
0.037437951
0.037463261
0.037483311
0.037498437
0.037509209
0.037516328
0.037520597
0.037522953
0.037524359
0.037525799
0.037528276
0.037532697
0.037539921
0.037550707
0.037565626
0.037585197
0.037609672
0.037639221
0.037673812
0.037713234
0.037757192
0.037805179
0.037856634
0.037910881
0.037967172
0.038024752
0.038082835
0.038140648
0.038197497
0.038252724
0.038305802
0.03835629
0.038403871
0.038448404
0.038489813
0.038528231
0.03856386
0.038597016
0.038628112
0.03865759
0.038685925
0.038713591
0.038740976
0.038768436
0.038796193
0.038824315
0.038852789
0.038881347
0.038909652
0.038937166
0.038963236
0.038987137
0.039008053
0.039025163
0.039037713
0.039044973
0.039046424
0.039041681
0.039030554
0.039013211
0.038989926
0.038961394
0.038928489
0.038892319
0.038854256
0.03881575
0.038778397
0.038743826
0.038713581
0.03868917
0.038671901
0.038662829
0.038662853
0.038672398
0.038691752
0.03872075
0.038758941
0.038805661
0.038859864
0.038920435
0.038986035
0.039055262
0.039126724
0.039199037
0.039270918
0.039341288
0.03940915
0.039473834
0.039534814
0.039591812
0.039644815
0.039693907
0.039739454
0.039781877
0.039821715
0.039859575
0.039896059
0.039931756
0.03996722
0.040002887
0.040039152
0.040076272
0.040114406
0.040153638
0.040193915
0.040235155
0.040277187
0.040319806
0.0403628
0.040405927
0.040448965
0.04049172
0.040534015
0.040575715
0.040616718
0.040656952
0.040696387
0.040735001
0.04077281
0.040809826
0.040846073
0.040881581
0.040916366
0.04095044
0.040983808
0.04101646
0.041048378
0.041079528
0.041109878
0.041139376
0.041167975
0.041195624
0.041222269
0.04124786
0.041272365
0.041295745
0.041317989
0.041339111
0.041359135
0.041378134
0.041396204
0.041413493
0.041430194
0.041446534
0.041462812
0.041479344
0.041496495
0.041514656
0.041534226
0.041555605
0.041579171
0.041605245
0.041634114
0.041665944
0.04170083
0.041738751
0.041779535
0.041822935
0.041868529
0.041915837
0.041964263
0.042013146
0.042061819
0.042109606
0.042155853
0.042200037
0.042241686
0.042280527
0.042316437
0.04234944
0.042379826
0.042407962
0.042434472
0.042460059
0.042485535
0.042511785
0.04253968
0.042570047
0.042603669
0.04264112
0.042682884
0.042729211
0.042780142
0.042835579
0.042895143
0.042958387
0.043024697
0.043093401
0.043163848
0.043235418
0.043307579
0.043380058
0.043452672
0.043525628
0.043599317
0.043674429
0.043751995
0.043833164
0.043919407
0.044012257
0.044113322
0.044224235
0.044346489
0.044481391
0.044630084
0.04479321
0.044971235
0.045164028
0.045371105
0.04559157
0.045823954
0.046066599
0.04631732
0.046573773
0.046833403
0.047093507
0.047351427
0.047604567
0.047850437
0.048086938
0.048312128
0.048524607
0.048723355
0.048907789
0.049078037
0.04923449
0.049378417
0.049511386
0.049635668
0.049754092
0.049869887
0.04998703
0.050109723
0.050242888
0.050391699
0.050561768
0.050759083
0.050989787
0.051260311
0.051577136
0.051946696
0.052375394
0.052869271
0.053434014
0.054074876
0.054796143
0.055601716
0.056494006
0.057474768
0.058544346
0.059701663
0.06094476
0.062269553
0.063671365
0.065143476
0.066678273
0.068266874
0.069899072
0.071564158
0.073250207
0.074945051
0.076636014
0.078310199
0.079954849
0.081557363
0.083105437
0.084587594
0.085992657
0.087310697
0.088532391
0.089649486
0.090654963
0.091542436
0.092307171
0.092944917
0.093452929
0.093829212
0.094072733
0.094183586
0.094162359
0.094010844
0.093731217
0.093326602
0.092800655
0.092157609
0.091402406
0.090540291
0.089577267
0.088519581
0.087374094
0.086148025
0.084848968
0.083485013
0.082064422
0.080595962
0.079088529
0.077551332
0.075993753
0.074425222
0.072855259
0.071293326
0.069748659
0.068230376
0.066747064
0.06530697
0.063917698
0.062586023
0.061318238
0.060119217
0.058993402
0.057943706
0.056972205
0.056079879
0.055266315
0.054530513
0.053869922
0.053281542
0.052761287
0.052304484
0.051906041
0.051560337
0.051261707
0.051004426
0.050782811
0.050591617
0.050425855
0.050281076
0.050153522
0.05003979
0.049937475
0.049844455
0.04975945
0.049681617
0.049610523
0.049546231
0.049488922
0.049439042
0.049397068
0.049363413
0.049338434
0.049322288
0.049314878
0.04931597
0.049324931
0.049341027
0.049363234
0.049390386
0.049421239
0.049454459
0.049488739
0.049522885
0.049555749
0.049586461
0.049614292
0.049638757
0.04965967
0.049676976
0.049690959
0.049701995
0.049710662
0.049717645
0.049723661
0.049729468
0.049735789
0.049743245
0.049752416
0.049763688
0.049777357
0.049793565
0.04981229
0.049833443
0.049856769
0.049881991
0.049908754
0.049936697
0.049965479
0.049994784
0.050024349
0.050054023
0.050083683
0.050113343
0.050143071
0.050173008
0.050203378
0.050234424
0.050266424
0.050299667
0.050334414
0.050370915
0.050409367
0.050449914
0.050492659
0.05053761
0.050584759
0.050634003
0.050685212
0.050738204
0.050792762
0.050848642
0.050905579
0.050963294
0.051021488
0.051079869
0.051138118
0.051195931
0.051252986
0.051308967
0.051363552
0.051416427
0.051467286
0.051515848
0.051561837
0.051605031
0.051645251
0.051682354
0.051716303
0.051747082
0.051774799
0.051799615
0.051821775
0.051841603
0.051859473
0.051875823
0.051891114
0.051905828
0.051920453
0.05193544
0.051951212
0.051968146
0.051986537
0.052006635
0.052028589
0.052052496
0.05207838
0.052106202
0.052135896
0.052167337
0.052200398
0.052234945
0.052270845
0.052307982
0.052346255
0.052385579
0.052425903
0.05246717
0.052509343
0.052552378
0.052596211
0.052640771
0.052685949
0.05273161
0.052777593
0.0528237
0.052869717
0.052915436
0.052960631
0.053005116
0.053048749
0.053091419
0.053133123
0.053173893
0.053213886
0.053253325
0.053292507
0.05333182
0.053371682
0.053412547
0.053454889
0.053499137
0.053545701
0.053594895
0.053646948
0.053702003
0.053760025
0.053820931
0.053884446
0.053950222
0.05401781
0.054086659
0.054156197
0.054225796
0.054294838
0.054362736
0.054428925
0.054492923
0.054554319
0.054612781
0.054668089
0.054720075
0.054768694
0.054813949
0.054855927
0.054894757
0.054930613
0.054963717
0.054994297
0.055022615
0.055048949
0.055073583
0.055096831
0.055119005
0.055140444
0.055161492
0.055182506
0.055203848
0.055225862
0.055248884
0.0552732
0.055299051
0.055326609
0.055355924
0.055386994
0.055419639
0.055453602
0.055488474
0.055523735
0.055558793
0.055592949
0.055625489
0.055655706
0.055682903
0.055706522
0.0557261
0.055741358
0.055752255
0.0557589
0.055761773
0.055761462
0.05575888
0.055755098
0.055751336
0.055748953
0.055749318
0.055753783
0.055763646
0.055779965
0.055803683
0.055835395
0.055875411
0.055923784
0.055980102
0.056043803
0.056113892
0.056189228
0.05626846
0.056350106
0.056432678
0.056514705
0.056594799
0.056671828
0.056744753
0.056812943
0.056875968
0.05693372
0.056986435
0.05703452
0.057078725
0.057119881
0.057159015
0.057197183
0.057235418
0.057274722
0.057315979
0.057359839
0.057406883
0.05745732
0.057511266
0.057568525
0.057628731
0.05769137
0.05775574
0.057821084
0.057886576
0.057951379
0.058014728
0.058075887
0.058134261
0.058189384
0.058240909
0.058288683
0.058332651
0.058372969
0.058409859
0.058443694
0.058474919
0.058504042
0.05853163
0.058558258
0.058584508
0.058610953
0.058638122
0.058666529
0.058696625
0.058728823
0.058763483
0.058800907
0.058841346
0.058884996
0.05893202
0.058982498
0.059036484
0.059093959
0.059154834
0.059219009
0.059286258
0.059356327
0.059428884
0.05950353
0.059579798
0.059657147
0.059735004
0.059812719
0.059889636
0.059965045
0.060038244
0.060108536
0.060175266
0.06023781
0.06029563
0.060348251
0.060395349
0.060436667
0.060472138
0.060501788
0.060525813
0.060544559
0.060558471
0.060568165
0.06057431
0.060577704
0.060579178
0.060579583
0.060579793
0.060580645
0.060582903
0.060587297
0.060594415
0.060604785
0.060618792
0.060636707
0.060658731
0.060684934
0.060715354
0.060749932
0.060788621
0.060831318
0.060877956
0.060928468
0.06098282
0.061040984
0.061102968
0.061168771
0.06123836
0.061311687
0.061388611
0.061468915
0.061552261
0.061638135
0.061725956
0.061814913
0.06190412
0.061992549
0.062079093
0.062162608
0.062241952
0.062316056
0.062383989
0.062444918
0.062498364
0.062543961
0.062581744
0.062612016
0.062635318
0.062652597
0.062664907
0.062673607
0.062680158
0.06268608
0.062692941
0.06270221
0.06271525
0.062733266
0.062757156
0.062787692
0.062825231
0.062869963
0.062921759
0.062980255
0.063044915
0.063114991
0.063189671
0.063268041
0.063349169
0.063432164
0.063516152
0.063600363
0.063684108
0.063766785
0.063847927
0.063927115
0.064004059
0.064078495
0.06415024
0.064219153
0.064285099
0.064348002
0.064407782
0.064464391
0.064517817
0.064568072
0.064615217
0.064659374
0.064700713
0.064739475
0.06477596
0.064810538
0.064843616
0.064875659
0.064907141
0.064938548
0.064970355
0.065003
0.065036895
0.065072352
0.065109668
0.065149012
0.065190533
0.065234271
0.065280233
0.065328372
0.065378594
0.065430802
0.06548487
0.065540695
0.065598163
0.065657186
0.065717669
0.065779558
0.065842772
0.065907258
0.065972932
0.066039696
0.066107453
0.066176055
0.066245346
0.066315158
0.066385281
0.06645554
0.066525744
0.066595745
0.066665429
0.06673472
0.06680364
0.066872249
0.066940675
0.067009142
0.067077899
0.067147258
0.067217537
0.067289052
0.067362103
0.06743691
0.067513625
0.067592299
0.067672826
0.067755023
0.067838484
0.067922722
0.068007089
0.06809084
0.068173145
0.068253111
0.068329852
0.068402497
0.068470233
0.068532433
0.068588522
0.068638209
0.068681359
0.068718081
0.068748758
0.068773933
0.06879447
0.068811317
0.068825648
0.068838736
0.068851857
0.068866358
0.068883461
0.068904282
0.068929802
0.068960682
0.068997451
0.069040209
0.069088868
0.069142997
0.069201864
0.069264578
0.069329928
0.069396664
0.069463434
0.069528839
0.069591641
0.06965065
0.069704941
0.069753857
0.069796967
0.06983429
0.069866035
0.069892859
0.069915634
0.069935489
0.069953782
0.069971926
0.069991422
0.070013704
0.070040062
0.070071686
0.070109367
0.07015374
0.07020503
0.070263113
0.070327611
0.070397735
0.070472556
0.070550832
0.070631264
0.070712487
0.070793109
0.070871905
0.070947767
0.071019804
0.071087452
0.071150295
0.071208378
0.071261878
0.071311315
0.071357365
0.071400866
0.071442766
0.071484009
0.071525503
0.071568106
0.071612425
0.071659009
0.071708108
0.07175981
0.071814013
0.071870393
0.07192857
0.071988019
0.072048198
0.0721086
0.072168752
0.072228349
0.072287176
0.072345205
0.072402592
0.072459594
0.072516643
0.072574226
0.072632863
0.072693096
0.07275533
0.072819889
0.07288691
0.072956289
0.073027791
0.073100835
0.073174757
0.073248645
0.073321513
0.073392319
0.073460022
0.073523716
0.073582651
0.073636252
0.073684377
0.073727007
0.073764641
0.073797975
0.073828051
0.073856166
0.073883734
0.073912323
0.073943467
0.073978593
0.074019018
0.074065697
0.074119373
0.074180356
0.07424858
0.074323678
0.0744048
0.074490938
0.074580719
0.074672698
0.074765346
0.074857101
0.074946585
0.075032534
0.075113926
0.075190093
0.07526054
0.075325235
0.075384292
0.07543819
0.075487553
0.075533177
0.075575955
0.075616787
0.075656536
0.075696009
0.075735846
0.075776597
0.075818577
0.075862011
0.075906939
0.0759533
0.076000959
0.076049713
0.076099353
0.076149716
0.076200647
0.076252106
0.076304098
0.076356732
0.076410178
0.076464658
0.076520436
0.076577769
0.07663688
0.076697958
0.076761097
0.076826313
0.076893495
0.076962428
0.077032815
0.077104236
0.077176245
0.077248308
0.077319905
0.077390528
0.077459712
0.07752707
0.077592292
0.077655181
0.077715685
0.077773809
0.077829742
0.077883715
0.077936093
0.077987274
0.078037711
0.078087892
0.078138282
0.078189335
0.078241476
0.078295063
0.078350422
0.078407789
0.078467346
0.078529228
0.07859349
0.078660166
0.078729227
0.078800642
0.078874327
0.078950203
0.079028154
0.079108059
0.079189769
0.079273102
0.079357854
0.079443748
0.079530488
0.079617687
0.079704913
0.079791646
0.079877344
0.07996138
0.080043103
0.080121886
0.080197092
0.080268148
0.080334601
0.080396064
0.080452396
0.080503557
0.08054981
0.080591561
0.080629492
0.080664482
0.080697567
0.080729975
0.080762985
0.080797921
0.080836109
0.080878691
0.080926742
0.08098104
0.081042104
0.081110186
0.081185122
0.081266555
0.081353687
0.08144557
0.08154099
0.081638613
0.081737088
0.081835036
0.081931226
0.082024611
0.082114325
0.082199909
0.082281037
0.082357859
0.082430693
0.082500147
0.082567005
0.082632132
0.082696475
0.082760906
0.082826155
0.082892844
0.08296125
0.083031529
0.08310347
0.083176676
0.083250551
0.083324311
0.083397158
0.083468255
0.08353683
0.083602342
0.08366434
0.083722768
0.083777748
0.083829733
0.083879441
0.083927769
0.08397582
0.084024737
0.084075661
0.084129674
0.084187609
0.084250147
0.084317559
0.084389852
0.084466661
0.084547222
0.084630575
0.084715374
0.084800193
0.084883438
0.084963505
0.085038915
0.08510826
0.08517044
0.085224596
0.085270173
0.085307049
0.08533532
0.08535556
0.085368519
0.0853753
0.085377172
0.085375557
0.085371987
0.085368026
0.085365207
0.085365051
0.085368918
0.085378112
0.085393721
0.085416733
0.085447911
0.085487856
0.085536996
0.085595539
0.085663566
0.085740895
0.085827256
0.085922115
0.086024842
0.086134607
0.086250462
0.086371354
0.086496112
0.086623528
0.086752356
0.08688136
0.087009363
0.087135237
0.087258015
0.087376804
0.087490936
0.087599849
0.087703164
0.087800686
0.08789232
0.087978147
0.088058302
0.088133015
0.088202584
0.088267299
0.088327498
0.088383499
0.088435633
0.088484225
0.088529606
0.088572141
0.088612242
0.088650329
0.088686928
0.088722602
0.088757991
0.088793779
0.088830676
0.088869412
0.088910676
0.088955063
0.089003127
0.089055181
0.089111472
0.089171949
0.089236413
0.089304454
0.089375436
0.089448628
0.089523132
0.089598021
0.089672382
0.089745324
0.089816144
0.089884239
0.089949305
0.090011235
0.090070177
0.09012657
0.090181009
0.090234347
0.090287495
0.090341455
0.090397233
0.090455694
0.090517651
0.090583637
0.090653997
0.090728818
0.090807891
0.090890845
0.09097701
0.091065636
0.091155863
0.091246794
0.09133763
0.091427648
0.091516369
0.091603534
0.091689111
0.091773457
0.091857074
0.091940852
0.09202578
0.092113053
0.09220391
0.092299566
0.092401157
0.092509617
0.092625608
0.092749521
0.092881263
0.093020502
0.093166298
0.093317516
0.093472513
0.093629416
0.09378613
0.093940376
0.094089897
0.094232469
0.094366009
0.0944888
0.094599308
0.094696661
0.094780216
0.094850069
0.094906699
0.094951154
0.094984988
0.095010082
0.09502876
0.095043497
0.095056936
0.095071755
0.095090453
0.095115425
0.095148624
0.0951917
0.095245781
0.095311449
0.095388887
0.095477533
0.095576596
0.095684603
0.095799917
0.095920559
0.096044385
0.096169285
0.096293138
0.09641405
0.096530372
0.096640738
0.096744283
0.096840386
0.096929018
0.097010376
0.097085164
0.097154293
0.097218941
0.097280465
0.097340258
0.097399781
0.097460406
0.097523357
0.097589762
0.097660459
0.09773616
0.097817254
0.097903974
0.09799629
0.098094001
0.098196729
0.098303918
0.098414946
0.09852901
0.098645292
0.098762864
0.098880775
0.098998057
0.099113696
0.099226746
0.099336253
0.09944136
0.099541302
0.099635444
0.09972334
0.099804684
0.099879506
0.099947945
0.100010531
0.100067945
0.100121154
0.100171341
0.100219812
0.100268032
0.100317482
0.100369617
0.100425834
0.100487318
0.100555129
0.10062997
0.100712356
0.100802449
0.100900153
0.101005125
0.101116769
0.101234375
0.101357078
0.101483994
0.101614255
0.101747031
0.101881619
0.102017417
0.102153972
0.102290946
0.102428082
0.102565246
0.102702274
0.102839012
0.102975283
0.103110756
0.10324508
0.103377721
0.103508084
0.103635499
0.103759244
0.103878614
0.103993003
0.104101868
0.104204947
0.104302084
0.104393508
0.104479578
0.104561031
0.104638753
0.104713838
0.10478751
0.104860993
0.104935496
0.105012109
0.105091662
0.105174826
0.105261809
0.105352631
0.105446834
0.105543748
0.105642371
0.105741475
0.105839754
0.105935789
0.106028234
0.1061159
0.106197704
0.106272972
0.106341182
0.106402266
0.106456381
0.106504047
0.106546014
0.106583208
0.106616725
0.10664766
0.106677107
0.106706081
0.106735393
0.106765746
0.106797532
0.106831015
0.106866175
0.106902855
0.106940773
0.106979529
0.107018738
0.107058035
0.107097115
0.107135871
0.107174269
0.107212518
0.107250949
0.107290077
0.107330509
0.107372936
0.10741808
0.107466605
0.107519084
0.107575984
0.107637542
0.107703866
0.107774773
0.107849946
0.107928857
0.108010851
0.108095197
0.108181105
0.108267851
0.108354787
0.108441391
0.108527367
0.108612538
0.108697053
0.10878115
0.108865313
0.108950106
0.109036183
0.109124214
0.109214779
0.10930836
0.109405267
0.109505547
0.109609079
0.109715409
0.109823943
0.109933802
0.110044033
0.110153575
0.110261359
0.110366432
0.110467949
0.110565309
0.110658227
0.110746636
0.110830942
0.110911719
0.110989988
0.111066898
0.111143863
0.111222361
0.111303869
0.111389837
0.111481505
0.111579879
0.111685709
0.11179932
0.111920793
0.112049702
0.112185426
0.112326943
0.112473084
0.11262251
0.112773823
0.112925703
0.113076921
0.113226489
0.113373745
0.113518291
0.113660227
0.113799892
0.113938191
0.114076206
0.114215425
0.114357496
0.114504218
0.114657457
0.114818984
0.114990489
0.115173459
0.115369071
0.115578311
0.115801748
0.116039827
0.116292656
0.116560264
0.116842635
0.117139811
0.117452144
0.117780268
0.118125414
0.118489502
0.118875155
0.119286159
0.119726988
0.12020366
0.120722826
0.121292761
0.121922415
0.122622036
0.123402604
0.124275812
0.125253965
0.126349448
0.127574725
0.128941843
0.130461985
0.132145546
0.134000775
0.13603485
0.138251638
0.140653371
0.143238371
0.146002434
0.148937624
0.152032515
0.155272695
0.158639683
0.162113048
0.165668562
0.169280808
0.172921987
0.176563598
0.180176642
0.183732007
0.187201776
0.190558826
0.193778131
0.196836761
0.199714084
0.202392901
0.204858166
0.207099561
0.209108975
0.210884393
0.212426559
0.213744085
0.214849843
0.215766668
0.21652463
0.217165397
0.217742863
0.218322654
0.218988894
0.219836211
0.220982489
0.222554751
0.224703127
0.227586209
0.23137868
0.236262645
0.24242417
0.250051837
0.259325492
0.270415383
0.283474072
0.29862538
0.315971574
0.335564895
0.357434386
0.381544163
0.40783152
0.436167365
0.466388913
0.49827892
0.531581095
0.566003833
0.60121832
0.636879355
0.672617347
0.70805957
0.742830699
0.776560116
0.808898239
0.839506414
0.868083677
0.894348861
0.918063845
0.939021176
0.957052064
0.97202823
0.983851246
0.992468003
0.997846703
1
0.998956449
0.99478257
0.987559377
0.977397411
0.964421277
0.94877764
0.930627341
0.91014679
0.887526571
0.862967325
0.836682997
0.808892994
0.779826999
0.74971702
0.718799285
0.687310398
0.655483287
0.623548772
0.591726961
0.560231206
0.529259876
0.498997875
0.469614045
0.441256271
0.414057699
0.388124304
0.363549455
0.340396455
0.318717222
0.298535362
0.279862611
0.262687909
0.246987461
0.232721706
0.219838388
0.208275935
0.197962137
0.188820278
0.180766708
0.173716277
0.167581685
0.162275792
0.157713907
0.153812733
0.150494608
0.147684846
0.145315603
0.1433239
0.141653197
0.140253508
0.139079932
0.138095032
0.137265035
0.136563372
0.135966072
0.135455099
0.135014419
0.134632132
0.134297991
0.134004128
0.133744011
0.133512232
0.13330429
0.133116128
0.132944217
0.132785192
0.132635995
0.132493694
0.132355638
0.13221934
0.132082731
0.131943999
0.131801887
0.131655489
0.131504535
0.131349214
0.131190269
0.131028972
0.130866972
0.130706364
0.130549461
0.130398777
0.130256841
0.130126073
0.130008771
0.129906774
0.129821663
0.129754346
0.129705308
0.129674387
0.12966088
0.129663584
0.129680741
0.129710364
0.12975006
0.129797395
0.129849867
0.129905043
0.129960814
0.130015207
0.130066732
0.130114202
0.13015694
0.130194567
0.130227124
0.130254976
0.130278636
0.130298903
0.130316561
0.130332474
0.130347441
0.130362164
0.130377253
0.130393153
0.130410243
0.130428738
0.130448789
0.130470516
0.130494041
0.130519487
0.130547082
0.130577083
0.130609897
0.130645983
0.130685922
0.130730309
0.130779807
0.130835037
0.130896568
0.130964872
0.131040235
0.13112283
0.131212524
0.131308978
0.131411583
0.131519462
0.131631504
0.131746319
0.13186235
0.131977854
0.132091032
0.132199992
0.132302895
0.132398051
0.132483851
0.132559065
0.132622678
0.132674136
0.132713236
0.132740277
0.132756028
0.132761626
0.132758759
0.132749336
0.13273568
0.13272024
0.132705584
0.132694335
0.132688873
0.132691523
0.132704124
0.132728285
0.132765019
0.132814923
0.132878062
0.132953992
0.133041874
0.133140343
0.133247829
0.133362427
0.133482149
0.1336049
0.133728638
0.133851497
0.133971692
0.134087805
0.134198631
0.134303345
0.134401368
0.134492467
0.134576712
0.134654359
0.134725963
0.134792158
0.134853757
0.134911624
0.134966665
0.135019786
0.135071853
0.135123717
0.135176108
0.135229716
0.135285122
0.135342827
0.135403208
0.135466564
0.135533071
0.135602836
0.135675832
0.135751937
0.13583095
0.135912545
0.13599633
0.136081806
0.13616843
0.136255609
0.13634272
0.136429115
0.136514185
0.136597402
0.13667824
0.136756361
0.136831506
0.136903543
0.136972537
0.137038651
0.137102223
0.13716366
0.137223487
0.137282287
0.137340613
0.137399007
0.137457915
0.137517675
0.137578476
0.137640331
0.137703065
0.137766367
0.137829805
0.137892769
0.137954719
0.138015033
0.138073251
0.13812905
0.138182252
0.138233061
0.138281829
0.138329339
0.138376539
0.138424671
0.138475169
0.138529467
0.138589091
0.138655354
0.138729418
0.138812068
0.138903709
0.1390043
0.139113246
0.139229561
0.139351717
0.139477929
0.139606021
0.139733801
0.139859012
0.139979519
0.140093603
0.140199778
0.140297232
0.140385601
0.140465209
0.140536961
0.140602237
0.140662997
0.140721405
0.140779934
0.140841059
0.140907147
0.1409804
0.141062508
0.141154879
0.141258161
0.141372651
0.141497849
0.141632889
0.141776313
0.141926307
0.14208079
0.14223745
0.142394015
0.1425482
0.142697965
0.14284155
0.142977456
0.143104723
0.14322266
0.143331228
0.143430589
0.143521499
0.143604893
0.143682107
0.143754603
0.143823989
0.143891902
0.143959895
0.144029417
0.144101642
0.14417745
0.144257423
0.144341668
0.144429969
0.144521637
0.144615697
0.144710732
0.144805198
0.144897352
0.14498541
0.145067722
0.145142732
0.145209401
0.145266889
0.145315089
0.145354298
0.145385516
0.145410272
0.145430579
0.145449008
0.145468315
0.145491502
0.145521571
0.145561307
0.145613293
0.145679488
0.145761448
0.145859808
0.145974785
0.14610554
0.146250802
0.146408557
0.146576303
0.146751229
0.146930224
0.14711026
0.147288282
0.147461599
0.147627871
0.14778514
0.147932146
0.148067971
0.148192479
0.148305793
0.148408696
0.148502189
0.148587637
0.148666514
0.14874043
0.148810992
0.148879703
0.148947994
0.149017055
0.149087983
0.149161614
0.149238599
0.14931945
0.149404493
0.14949393
0.149587869
0.149686351
0.149789335
0.149896781
0.150008621
0.150124773
0.150245185
0.150369761
0.150498488
0.150631284
0.150768123
0.15090891
0.151053577
0.151201976
0.151353904
0.151509063
0.151667048
0.151827344
0.15198929
0.152152021
0.152314589
0.152475859
0.152634587
0.152789422
0.15293897
0.153081893
0.153216839
0.153342686
0.15345842
0.153563418
0.153657249
0.153739939
0.153811827
0.153873669
0.153926601
0.153972029
0.15401167
0.154047418
0.1540813
0.154115317
0.15415147
0.154191599
0.15423727
0.154289891
0.154350435
0.154419686
0.154497969
0.154585418
0.154681764
0.154786613
0.154899332
0.155019122
0.155145145
0.155276481
0.155412225
0.15555143
0.155693258
0.155836857
0.155981416
0.156126205
0.156270507
0.156413606
0.156554852
0.156693625
0.156829287
0.156961313
0.157089175
0.15721248
0.157330863
0.157444137
0.157552191
0.157655107
0.157753048
0.157846379
0.157935545
0.158021129
0.158103792
0.158184238
0.15826321
0.158341425
0.158419532
0.158498139
0.158577679
0.158658543
0.158740869
0.158824748
0.158910007
0.158996443
0.159083649
0.159171139
0.159258344
0.159344672
0.159429511
0.159512269
0.159592431
0.159669551
0.159743345
0.159813623
0.159880413
0.159943864
0.1600043
0.160062221
0.160118209
0.160173006
0.160227398
0.160282196
0.160338224
0.160396226
0.160456919
0.160520802
0.160588377
0.160659872
0.160735451
0.160815112
0.160898776
0.160986239
0.161077298
0.161171751
0.161269394
0.161370134
0.161473943
0.161580875
0.161691133
0.161804947
0.161922628
0.162044473
0.162170712
0.162301534
0.162436886
0.162576605
0.162720204
0.162866994
0.16301596
0.163165914
0.163315354
0.163462685
0.163606203
0.16374415
0.163874919
0.163996966
0.164109063
0.164210263
0.164299983
0.164378063
0.164444705
0.164500624
0.16454681
0.16458468
0.164615844
0.164642196
0.164665694
0.164688354
0.164712177
0.164739001
0.164770571
0.164808306
0.164853477
0.164906991
0.164969508
0.165041382
0.165122707
0.165213293
0.165312748
0.165420478
0.165535685
0.165657489
0.16578485
0.165916687
0.166051849
0.166189175
0.166327501
0.166465665
0.166602585
0.16673722
0.166868651
0.166996026
0.167118682
0.167236052
0.16734777
0.167453593
0.167553549
0.167647731
0.167736533
0.167820399
0.167900006
0.167976126
0.168049595
0.168121347
0.168192288
0.168263365
0.168335401
0.168409127
0.168485179
0.168563988
0.16864584
0.168730815
0.168818846
0.168909662
0.169002871
0.169097959
0.169194372
0.169291475
0.169388673
0.169485464
0.16958135
0.169676033
0.16976931
0.169861126
0.169951563
0.170040824
0.170129206
0.170217061
0.170304781
0.170392744
0.170481248
0.17057055
0.170660771
0.170751965
0.170844011
0.170936747
0.171029875
0.17112307
0.171215982
0.171308244
0.17139956
0.171489714
0.171578569
0.171666086
0.1717524
0.171837686
0.171922296
0.172006622
0.172091164
0.17217645
0.172263021
0.172351471
0.172442327
0.172536171
0.172633504
0.172734839
0.172840635
0.172951339
0.17306737
0.173189107
0.173316874
0.173450928
0.173591471
0.173738545
0.173892095
0.174051892
0.174217542
0.174388425
0.174563784
0.174742617
0.174923816
0.175106083
0.175288093
0.175468508
0.175645976
0.175819319
0.175987458
0.176149661
0.17630532
0.176454287
0.176596615
0.176732764
0.176863438
0.17698965
0.17711259
0.177233597
0.177354063
0.177475394
0.177598861
0.177725573
0.177856382
0.177991869
0.178132197
0.178277161
0.178426155
0.178578191
0.178731849
0.17888548
0.17903707
0.179184549
0.179325674
0.179458308
0.179580505
0.179690492
0.179787095
0.17986942
0.17993744
0.179991535
0.180033015
0.180063693
0.180086204
0.180103591
0.180119451
0.180137649
0.180162161
0.180196963
0.180245663
0.180311547
0.180397252
0.180504698
0.18063498
0.180788314
0.180964132
0.181160906
0.181376568
0.181608252
0.181852834
0.182106759
0.182366444
0.182628332
0.18288899
0.183145362
0.183394662
0.183634634
0.18386333
0.184079384
0.184281635
0.184469472
0.184642437
0.184800476
0.18494367
0.18507241
0.185187238
0.185288951
0.18537855
0.185457346
0.1855268
0.185588696
0.185645008
0.185697886
0.185749574
0.185802357
0.185858399
0.1859197
0.18598791
0.1860643
0.18614964
0.186244187
0.18634759
0.186459106
0.186577381
0.186700889
0.18682775
0.186956099
0.187084109
0.187210145
0.187332977
0.187451604
0.187565675
0.187675041
0.18778008
0.18788136
0.187979666
0.188075809
0.188170478
0.188264242
0.188357288
0.188449592
0.188540732
0.18863002
0.188716631
0.188799619
0.188878226
0.18895179
0.189020162
0.189083639
0.189143061
0.189199914
0.189256159
0.189314296
0.189377016
0.189447241
0.189527687
0.189620747
0.189728314
0.189851417
0.189990405
0.190144429
0.190311945
0.190490264
0.190676277
0.190866061
0.191055616
0.191240884
0.191418041
0.191584003
0.191736174
0.191873324
0.191994817
0.19210156
0.192195107
0.192278216
0.192354159
0.192426791
0.192500138
0.19257811
0.192664369
0.192761824
0.192872798
0.192998496
0.193139283
0.193294415
0.193462297
0.193640508
0.193825925
0.194015101
0.194204264
0.194389776
0.194568109
0.194736247
0.194891731
0.195032747
0.195158351
0.195268203
0.195362926
0.195443643
0.195512231
0.195570896
0.1956223
0.195669175
0.195714346
0.195760518
0.195810083
0.195865206
0.195927399
0.19599788
0.196077082
0.196165059
0.196261134
0.19636428
0.196472862
0.196585026
0.19669857
0.196811208
0.196920695
0.197024842
0.197121836
0.197210124
0.197288772
0.197357252
0.197415754
0.197464941
0.19750611
0.197540993
0.197571724
0.197600698
0.197630389
0.197663297
0.197701668
0.197747515
0.197802354
0.197867251
0.197942748
0.198028832
0.198125043
0.19823046
0.198343923
0.198464037
0.198589397
0.198718624
0.198850555
0.198984271
0.199119082
0.199254677
0.199390948
0.199528031
0.1996661
0.1998054
0.199946051
0.200087906
0.20023064
0.200373509
0.20051554
0.20065538
0.20079157
0.200922541
0.201046739
0.201162946
0.201270189
0.201368171
0.201457012
0.201537756
0.20161186
0.201681652
0.201749767
0.201819302
0.201893488
0.201975381
0.20206786
0.202173061
0.202292635
0.202427107
0.202576263
0.202738777
0.20291254
0.203094632
0.20328155
0.203469536
0.20365467
0.20383334
0.204002304
0.204159085
0.204302035
0.204430451
0.204544684
0.204645937
0.204736429
0.204818889
0.204896658
0.204973169
0.205051952
0.205136183
0.205228581
0.205331254
0.20544542
0.205571659
0.205709539
0.2058581
0.206015544
0.206179829
0.206348481
0.206519026
0.206689085
0.206856534
0.207019696
0.207177289
0.207328703
0.207473654
0.207612494
0.207745818
0.207874558
0.207999729
0.208122318
0.20824323
0.20836306
0.208482214
0.208600652
0.208718144
0.208834067
0.208947678
0.209058125
0.209164543
0.209266311
0.209362886
0.209454256
0.209540624
0.209622787
0.209701772
0.209779122
0.209856553
0.209935971
0.210019351
0.210108477
0.210205012
0.210310118
0.210424662
0.210548873
0.210682508
0.210824755
0.210974357
0.211129611
0.211288555
0.211449041
0.211608878
0.211765984
0.211918439
0.212064702
0.212203515
0.212334161
0.212456277
0.212569996
0.212675819
0.212774599
0.212867483
0.212955798
0.213041003
0.213124585
0.213208032
0.21329271
0.213379875
0.213470637
0.213565861
0.213666249
0.213772275
0.21388421
0.21400212
0.214125899
0.214255234
0.214389707
0.214528722
0.214671618
0.214817665
0.214966091
0.215116139
0.215267093
0.215418345
0.215569353
0.215719793
0.215869436
0.216018281
0.216166409
0.216314105
0.216461706
0.216609618
0.216758206
0.216907835
0.217058708
0.21721092
0.217364375
0.217518777
0.21767372
0.217828595
0.217982753
0.218135492
0.218286176
0.218434277
0.218579445
0.218721584
0.218860802
0.21899756
0.219132493
0.219266479
0.219400492
0.219535587
0.21967275
0.219812794
0.219956339
0.220103629
0.220254664
0.220408931
0.220565712
0.220723859
0.220882101
0.221039004
0.221193108
0.221343143
0.221487932
0.221626785
0.221759244
0.221885402
0.222005651
0.222120925
0.222232319
0.222341292
0.222449333
0.222557942
0.222668538
0.22278223
0.222899924
0.223022053
0.223148792
0.223279818
0.223414615
0.223552346
0.223692011
0.223832636
0.223973193
0.224112857
0.224250981
0.224387157
0.224521211
0.224653277
0.224783627
0.224912691
0.225040931
0.22516882
0.225296695
0.225424746
0.225552959
0.225681104
0.225808763
0.225935367
0.226060254
0.226182842
0.226302605
0.226419272
0.226532842
0.226643709
0.226752588
0.226860629
0.226969278
0.227080117
0.227194986
0.227315506
0.227443272
0.227579368
0.227724522
0.227878842
0.228041843
0.228212415
0.228388882
0.228569162
0.228750821
0.228931425
0.229108514
0.229280086
0.229444493
0.229600896
0.229749051
0.229889608
0.230023892
0.230153957
0.230282292
0.230411681
0.230545073
0.230685062
0.230834028
0.230993568
0.231164627
0.231347286
0.231540761
0.231743539
0.231953428
0.232167806
0.232383752
0.232598509
0.232809398
0.233014339
0.233211844
0.233401182
0.233582381
0.233756225
0.23392412
0.234087905
0.234249851
0.234412068
0.234576664
0.23474537
0.234919376
0.235099304
0.235285154
0.235476359
0.235671835
0.235870205
0.236069819
0.236269135
0.236466748
0.236661629
0.236853185
0.237041333
0.237226453
0.23740941
0.237591366
0.237773647
0.237957604
0.2381444
0.238334929
0.238529567
0.238728261
0.23893039
0.239134871
0.239340298
0.239544968
0.239747178
0.239945277
0.24013805
0.240324603
0.24050472
0.240678808
0.240847893
0.241013652
0.241178248
0.241344196
0.241514281
0.241691343
0.241878058
0.242076915
0.242290049
0.242519191
0.242765639
0.243030339
0.243313887
0.24361658
0.243938633
0.244280075
0.244640959
0.245021285
0.245421026
0.245840101
0.24627824
0.246734956
0.247209275
0.247699845
0.248204558
0.248720817
0.249245189
0.249773751
0.250301908
0.250824819
0.251337455
0.251834732
0.252312106
0.252765307
0.253191142
0.253587071
0.253951848
0.254285016
0.254587384
0.254860413
0.255106374
0.255327945
0.25552791
0.255708974
0.255873354
0.25602278
0.25615801
0.256279044
0.256384881
0.256473736
0.256543149
0.256590119
0.256611508
0.25660418
0.256565512
0.256493232
0.25638626
0.256244215
0.256068154
0.255859887
0.25562266
0.255360312
0.255077711
0.254780048
0.254472813
0.254161575
0.253851609
0.253547835
0.253254444
0.252975169
0.252712767
0.252469537
0.252246803
0.252045567
0.251866153
0.251708614
0.251572681
0.251457948
0.251363847
0.251289783
0.251235025
0.251198791
0.251180133
0.251178024
0.251191111
0.2512178
0.251256279
0.251304493
0.251360034
0.251420497
0.251483339
0.2515461
0.251606509
0.251662537
0.251712589
0.251755476
0.251790629
0.251817912
0.251837787
0.25185101
0.251858879
0.251862746
0.251864233
0.251864963
0.251866423
0.251870047
0.251877023
0.251888407
0.251904983
0.251927535
0.251956658
0.251993
0.252037239
0.252090157
0.252152567
0.252225441
0.252309754
0.25240637
0.252516047
0.252639244
0.252775988
0.252925874
0.253087847
0.253260366
0.253441187
0.25362774
0.25381697
0.254005713
0.254190779
0.254369328
0.254538846
0.254697601
0.254844621
0.254979824
0.255103994
0.255218809
0.255326728
0.255430618
0.255533751
0.255639398
0.255750616
0.255869946
0.255999363
0.256139839
0.25629159
0.256453807
0.25662492
0.256802523
0.25698383
0.257165678
0.257344822
0.25751826
0.257683289
0.25783788
0.257980546
0.258110747
0.2582284
0.2583344
0.258430042
0.258517221
0.258598073
0.258674949
0.25875023
0.258826187
0.258904956
0.25898835
0.259077962
0.25917493
0.259280226
0.259394391
0.25951775
0.259650303
0.259791807
0.259941774
0.260099475
0.260263909
0.260433913
0.260608
0.260784657
0.260962124
0.261138618
0.261312354
0.261481682
0.26164517
0.261801654
0.261950431
0.262091177
0.26222419
0.262350145
0.262470313
0.262586345
0.262700159
0.262813972
0.26292995
0.26305028
0.263176857
0.263311276
0.263454699
0.263607803
0.26377075
0.263943242
0.264124495
0.264313347
0.264508363
0.264707896
0.264910241
0.265113586
0.265316228
0.265516545
0.265713022
0.265904362
0.266089238
0.266266624
0.26643552
0.266595033
0.266744378
0.266883015
0.267010484
0.26712657
0.267231352
0.267325291
0.267409198
0.267484398
0.26755254
0.267615869
0.267676873
0.267738471
0.267803666
0.267875567
0.267957068
0.268050817
0.268159034
0.26828315
0.268424086
0.268581732
0.268755279
0.268942995
0.269142554
0.269350848
0.26956455
0.269779901
0.269993252
0.270201167
0.270400564
0.270589064
0.27076499
0.27092745
0.271076579
0.27121327
0.271339306
0.271457149
0.2715698
0.271680693
0.271793426
0.271911593
0.272038522
0.272177348
0.272330452
0.272499807
0.272686387
0.272890679
0.273112142
0.273349639
0.273601144
0.273864222
0.274135682
0.274412118
0.27468969
0.274964558
0.275232882
0.275490957
0.275735567
0.275963735
0.276173354
0.276362773
0.27653129
0.276678824
0.276806293
0.276915186
0.277007854
0.277087029
0.277156036
0.27721823
0.277277205
0.277336262
0.277398455
0.2774663
0.277541716
0.27762584
0.277719103
0.277821181
0.277931047
0.278047105
0.278167301
0.278289281
0.278410612
0.278528942
0.278642107
0.278748403
0.278846506
0.278935767
0.279015997
0.279087763
0.279152038
0.279210392
0.279264743
0.279317473
0.279371121
0.279428366
0.279492047
0.279564975
0.279649829
0.279749122
0.279865207
0.27999995
0.28015492
0.280331062
0.280528729
0.280747515
0.280986364
0.281243196
0.281515278
0.281798988
0.28209008
0.282383714
0.282674752
0.282957867
0.28322803
0.283480481
0.2837113
0.283917322
0.284096682
0.284248542
0.284373497
0.284473114
0.284550288
0.284608534
0.284652177
0.284685789
0.284713938
0.284741114
0.284771156
0.284807499
0.284852602
0.284908414
0.284975988
0.285055921
0.285148264
0.285252857
0.285369348
0.285497385
0.285636861
0.285787612
0.285949775
0.286123402
0.286308549
0.286504972
0.286712103
0.286928752
0.287153162
0.287382872
0.2876148
0.287845267
0.288070298
0.288285785
0.288487724
0.288672709
0.288837819
0.288981431
0.289102709
0.28920238
0.289282069
0.289344857
0.289394477
0.289435443
0.289472597
0.289510724
0.289554476
0.289607584
0.289673292
0.289753495
0.289849299
0.28996049
0.290086148
0.290224326
0.29037267
0.290528343
0.290688505
0.290850288
0.291011207
0.291169178
0.291322552
0.291470302
0.29161186
0.291747144
0.291876371
0.292000163
0.292119304
0.292234632
0.292347121
0.29245769
0.292567285
0.2926768
0.29278699
0.292898614
0.293012266
0.293128459
0.293247519
0.29336958
0.293494426
0.293621707
0.293750636
0.293880242
0.294009171
0.294136073
0.294259351
0.294377654
0.294489737
0.294594871
0.294692731
0.294783749
0.294869035
0.294950455
0.295030522
0.295112293
0.295199174
0.295294654
0.295402222
0.295524689
0.295664435
0.295822703
0.295999927
0.296195052
0.29640632
0.296630568
0.296864064
0.297102373
0.297340817
0.297574826
0.297800155
0.29801337
0.298211821
0.298394102
0.298559888
0.298710071
0.298846572
0.298972257
0.29909056
0.299205428
0.299320702
0.299440222
0.299567258
0.299704571
0.299853997
0.300016754
0.300192978
0.300382235
0.300583255
0.300794307
0.3010132
0.301237583
0.301465022
0.301693055
0.30191952
0.302142335
0.302359849
0.302570685
0.30277376
0.302968371
0.30315414
0.303330931
0.303498989
0.303658745
0.303810929
0.303956489
0.304096532
0.304232384
0.304365315
0.304496733
0.304627826
0.304759676
0.304893013
0.305028162
0.305165095
0.305303165
0.305441396
0.305578195
0.305711748
0.305839975
0.305960765
0.306072118
0.306172412
0.306260483
0.306335845
0.306398769
0.306450362
0.306492464
0.306527698
0.306559173
0.306590378
0.306624936
0.306666335
0.306717712
0.306781555
0.306859784
0.306953209
0.30706202
0.30718538
0.307321881
0.307469414
0.307625682
0.307788088
0.307954252
0.308122093
0.308289907
0.308456639
0.30862183
0.308785561
0.308948508
0.309111725
0.30927651
0.309444378
0.309616654
0.309794662
0.30997935
0.310171419
0.310371222
0.310578867
0.310794191
0.311016843
0.311246418
0.311482483
0.311724658
0.311972539
0.312225829
0.312484229
0.312747361
0.313014792
0.313285847
0.313559687
0.313835177
0.314110964
0.314385426
0.31465686
0.31492348
0.315183611
0.315435683
0.315678481
0.315911111
0.31613306
0.316344193
0.316544726
0.316735011
0.316915588
0.317086836
0.317249026
0.31740213
0.317545661
0.317678863
0.317800519
0.317909357
0.318003945
0.318083066
0.318145908
0.318192391
0.318223109
0.318239874
0.318245364
0.318243471
0.318238793
0.318236846
0.318243363
0.318264157
0.318304745
0.318369777
0.318462986
0.318586562
0.318741369
0.318926408
0.319139326
0.319376201
0.319632087
0.319901141
0.320177225
0.320454067
0.32072596
0.320987767
0.321235594
0.321466494
0.321679195
0.321873374
0.322050246
0.32221176
0.32236097
0.32250123
0.322636351
0.322770094
0.322906
0.323047287
0.323196579
0.323355956
0.323526907
0.323710242
0.323906286
0.324114769
0.324335096
0.324566212
0.324806846
0.325055376
0.325310018
0.325568796
0.325829549
0.326089977
0.326347647
0.326600125
0.326844869
0.327079474
0.327301693
0.3275095
0.327701218
0.327875603
0.328032006
0.328170264
0.328290865
0.328394891
0.328484043
0.328560487
0.328626872
0.328686064
0.328741172
0.328795254
0.328851336
0.328912123
0.328979968
0.329056817
0.329143969
0.329242289
0.329351966
0.329472675
0.329603605
0.329743486
0.329890722
0.330043502
0.330199878
0.330357849
0.33051555
0.330671195
0.330823245
0.330970481
0.331111876
0.331246727
0.331374602
0.331495231
0.331608558
0.331714719
0.331813904
0.331906356
0.331992507
0.332072791
0.332147828
0.332218377
0.332285546
0.332350633
0.332415341
0.332481753
0.332552275
0.332629638
0.332716736
0.332816515
0.332931789
0.33306491
0.333217717
0.333391128
0.333585063
0.333798224
0.334028205
0.334271219
0.334522588
0.334776688
0.335027436
0.335268665
0.335494427
0.335699665
0.335880242
0.336033914
0.336159707
0.336258946
0.336334416
0.336390796
0.336433926
0.33647062
0.336508017
0.336553121
0.336612069
0.33669
0.33679005
0.336913923
0.337060781
0.337228406
0.337412309
0.337607109
0.337806236
0.338003011
0.338190889
0.338364273
0.338518756
0.338651661
0.338762121
0.338851301
0.338921985
0.338978744
0.339027146
0.33907344
0.339124195
0.339185334
0.339262237
0.339358691
0.339477237
0.339618362
0.339781146
0.339962751
0.340159228
0.340365386
0.340575545
0.340783677
0.34098421
0.341172007
0.34134312
0.341494574
0.34162518
0.341734749
0.341824875
0.341898128
0.341958401
0.342010103
0.342058425
0.342108531
0.342165668
0.342234594
0.342319583
0.342424041
0.342550618
0.342700801
0.342875321
0.343073718
0.343294802
0.343536437
0.343795918
0.344069921
0.344354793
0.344646562
0.344941277
0.345234965
0.345523975
0.345804846
0.346074657
0.346331002
0.346572069
0.346796614
0.34700415
0.347194678
0.347368955
0.347528089
0.347673784
0.347808013
0.347933022
0.348051162
0.348164868
0.348276438
0.348388061
0.348501605
0.348618799
0.348740941
0.348869059
0.349003911
0.349145928
0.349295327
0.349452217
0.349616489
0.34978798
0.349966502
0.350151838
0.350343773
0.350542115
0.350746569
0.350956891
0.351172702
0.351393489
0.351618575
0.351847068
0.352077913
0.352309705
0.352540902
0.352769639
0.352994049
0.353211996
0.353421425
0.35362039
0.353807133
0.353980165
0.354138515
0.354281695
0.354409949
0.354524033
0.354625652
0.354717049
0.354801307
0.354881942
0.354963037
0.355048864
0.355143885
0.355252345
0.355378083
0.3555244
0.355693728
0.35588742
0.356105854
0.356347976
0.35661173
0.356893628
0.357189425
0.357493794
0.357801056
0.358105047
0.35839987
0.358679768
0.358939844
0.359176017
0.3593855
0.359566645
0.35971937
0.359844704
0.359945295
0.360024605
0.360087231
0.360138338
0.360183549
0.360228626
0.360279192
0.360340466
0.36041718
0.36051331
0.360631991
0.36077536
0.360944796
0.361140435
0.361361762
0.361607129
0.361874263
0.362159947
0.362460476
0.362771497
0.363088386
0.363406167
0.363719865
0.364024613
0.364315867
0.364589626
0.364842672
0.365072571
0.365278107
0.365458954
0.365616168
0.365751642
0.365868457
0.365970292
0.3660615
0.366146597
0.366230152
0.366316303
0.366408809
0.366510482
0.366623485
0.366748845
0.366886968
0.367037341
0.367199044
0.36737067
0.367550815
0.367738152
0.367931655
0.368130674
0.368335019
0.368544909
0.368760882
0.368983561
0.369213541
0.36945112
0.369696027
0.369947423
0.370203714
0.370462493
0.370720676
0.370974723
0.371220711
0.371454775
0.371673236
0.37187312
0.372052101
0.372209153
0.372344086
0.37245817
0.372553461
0.372633285
0.3727014
0.372762215
0.372820217
0.372879895
0.372945225
0.373019803
0.373106414
0.373207195
0.373323388
0.373455644
0.37360388
0.373767476
0.373945376
0.374136147
0.374338114
0.374549355
0.374767735
0.374990928
0.375216419
0.375441505
0.375663374
0.375878968
0.376085342
0.376279602
0.376459043
0.376621449
0.376765251
0.376889502
0.376994312
0.377080652
0.377150688
0.377207311
0.377254469
0.377296599
0.377338593
0.377385427
0.377441834
0.377512004
0.377599426
0.37770648
0.377834544
0.3779837
0.378153083
0.378340663
0.378543846
0.378759306
0.378983608
0.379213236
0.379445001
0.37967609
0.379904367
0.380128128
0.380346373
0.380558506
0.380764285
0.380963629
0.381156347
0.38134217
0.381520476
0.381690372
0.381850641
0.38199996
0.382136947
0.38226055
0.382369983
0.382465409
0.382547586
0.382618459
0.382680761
0.38273833
0.382795494
0.382857255
0.382928534
0.383014063
0.383117872
0.383243097
0.383391496
0.383563717
0.383758707
0.38397441
0.384207446
0.384453948
0.384709455
0.384969639
0.385230473
0.385488711
0.385741811
0.38598834
0.386227649
0.386459901
0.38668569
0.386905882
0.387121125
0.387331717
0.387537361
0.387736974
0.387928936
0.388110973
0.388280734
0.388435893
0.388574827
0.388696618
0.388801995
0.388892825
0.388972946
0.389047443
0.389122805
0.389206225
0.389305356
0.389427255
0.389578331
0.389762964
0.389984021
0.390241312
0.390532837
0.390853512
0.391196603
0.391553431
0.391914531
0.392269952
0.392610529
0.392927985
0.393216292
0.393471285
0.393691936
0.393879328
0.394037596
0.39417261
0.394292103
0.394404645
0.394519271
0.394644279
0.39478727
0.394953678
0.395147451
0.395369752
0.395619931
0.395894826
0.396189893
0.396499075
0.396815883
0.397133637
0.397446632
0.397750054
0.398041201
0.398319097
0.39858542
0.398843603
0.399099543
0.399360457
0.399634811
0.399931582
0.40025972
0.400627201
0.401041193
0.40150667
0.402027093
0.402603518
0.403235321
0.403919854
0.404653249
0.405430558
0.4062464
0.407095205
0.407971915
0.408871799
0.409791017
0.41072627
0.411674801
0.412634012
0.413601254
0.414573201
0.415545879
0.416513851
0.417470683
0.418408397
0.41931807
0.420189723
0.421013191
0.421778305
0.422475682
0.423097048
0.42363594
0.424087707
0.424450186
0.424722945
0.424908011
0.425008656
0.42502972
0.424976531
0.424854849
0.42467008
0.424427202
0.424130296
0.423782716
0.423387004
0.422945269
0.422459295
0.421931165
0.421363475
0.420759766
0.420124637
0.419464143
0.41878537
0.418096673
0.417407029
0.416725768
0.416062138
0.415424494
0.414820217
0.414254988
0.413732563
0.413254702
0.412820944
0.412429152
0.412075272
0.4117543
0.411460342
0.41118734
0.410929562
0.410682086
0.410441046
0.410204144
0.409970405
0.409740587
0.409516609
0.409301691
0.40909967
0.408914821
0.408751333
0.408612939
0.408502587
0.408422195
0.408372359
0.408352674
0.4083613
0.408395722
0.408452481
0.408527978
0.408618483
0.40872075
0.408832104
0.40895092
0.409076442
0.409209185
0.409350391
0.409502251
0.409667252
0.409848073
0.410046957
0.410265445
0.41050397
0.410761775
0.411036399
0.411324165
0.411619719
0.411916868
0.412208501
0.41248729
0.412746122
0.41297859
0.413179448
0.413345234
0.413474028
0.413566399
0.413624536
0.41365301
0.413657742
0.413646277
0.413626835
0.413608231
0.413599091
0.413607582
0.413640733
0.413704441
0.413802761
0.413938207
0.414111267
0.41432075
0.414563764
0.414835874
0.415131536
0.415444206
0.415766855
0.416092234
0.41641326
0.416723416
0.417016996
0.417289457
0.417537635
0.41775972
0.417955791
0.418127093
0.418276682
0.418408559
0.418527916
0.418640378
0.418751866
0.418868006
0.418993934
0.419133653
0.419290137
0.41946463
0.419657132
0.419865993
0.420088348
0.420320275
0.420557151
0.420794081
0.42102636
0.421249661
0.421460794
0.421657379
0.421838632
0.422004932
0.422157982
0.422300621
0.4224365
0.42256981
0.422705094
0.422846597
0.422998376
0.423163676
0.423344956
0.423543812
0.423760732
0.42399539
0.424246435
0.42451192
0.424789113
0.425074959
0.42536597
0.425658522
0.425948993
0.426233865
0.426509706
0.426773596
0.427022937
0.427255838
0.427470946
0.427667882
0.427847053
0.428009892
0.42815875
0.428296982
0.428428832
0.428559059
0.428693127
0.428836496
0.428994602
0.429172232
0.429373549
0.429601258
0.429856927
0.43014015
0.430449089
0.430779796
0.431127078
0.431484014
0.431842897
0.432195209
0.432532432
0.432846238
0.433129462
0.433375991
0.433581743
0.4337445
0.433864452
0.433943979
0.433987649
0.434002089
0.433995356
0.433976806
0.433956147
0.433943194
0.433947061
0.433975751
0.434035403
0.434130424
0.434262571
0.434431656
0.434634785
0.434867361
0.435122814
0.435393571
0.435671224
0.43594739
0.436213929
0.436463946
0.436691655
0.436893216
0.437066384
0.437210997
0.437328515
0.437421968
0.437495545
0.437554115
0.43760295
0.437647162
0.437691373
0.437739343
0.437793857
0.437856456
0.437927654
0.438006748
0.438092412
0.438182484
0.438274666
0.438366658
0.438456433
0.438542476
0.438624193
0.438701583
0.438775809
0.438848576
0.438922559
0.43900076
0.439086587
0.439183473
0.439294718
0.439423134
0.439571019
0.439739834
0.439930335
0.440142306
0.440374747
0.440625846
0.440893142
0.441173662
0.441463996
0.441760632
0.442059917
0.442358364
0.442652701
0.442940062
0.44321785
0.443484146
0.4437373
0.443976366
0.444200667
0.444410097
0.444604762
0.44478515
0.44495199
0.445106095
0.445248491
0.445380232
0.445502483
0.445616513
0.445723594
0.445825213
0.445922964
0.44601858
0.446114087
0.446211623
0.446313512
0.446422242
0.44654022
0.446669853
0.446813222
0.446972167
0.447147795
0.447340703
0.447550565
0.447776354
0.448016069
0.448266952
0.448525622
0.448788105
0.449050156
0.449307528
0.449556139
0.449792339
0.450013153
0.45021639
0.450400834
0.450566052
0.450712612
0.450841731
0.450955301
0.451055514
0.451144721
0.451225274
0.451299285
0.451368427
0.451434109
0.451497114
0.451558009
0.451617012
0.451674338
0.451730204
0.451785204
0.451840394
0.45189745
0.45195867
0.452027218
0.452106717
0.452201359
0.452315497
0.452453486
0.45261919
0.452815803
0.453045242
0.453308185
0.453603495
0.45392828
0.454277969
0.454646154
0.455025047
0.455405832
0.455779047
0.456135171
0.456465175
0.456761107
0.457016533
0.457226746
0.457389747
0.457505156
0.457575462
0.457604882
0.45759969
0.457567296
0.457516189
0.457455131
0.457392884
0.457337505
0.457296295
0.457275365
0.457279421
0.457311708
0.457374009
0.457466921
0.457589415
0.457739707
0.457914713
0.458110649
0.458323135
0.458547139
0.458777471
0.459008722
0.459235863
0.459453972
0.459659156
0.459848224
0.460019391
0.460172009
0.460307266
0.460427326
0.460536137
0.460638297
0.46073932
0.460844887
0.460960512
0.461090794
0.461239409
0.461408359
0.461598292
0.461808073
0.462035052
0.462275605
0.46252519
0.462778939
0.463032147
0.463280704
0.463521203
0.463751481
0.463970239
0.464177316
0.464373307
0.4645594
0.464737273
0.464908494
0.465074902
0.465238065
0.465399714
0.465561687
0.465725985
0.465895206
0.466072321
0.466260794
0.466464518
0.466687225
0.466932429
0.46720251
0.467498389
0.467819036
0.4681611
0.468518847
0.468883949
0.469246618
0.469595441
0.469919009
0.470206505
0.470449221
0.470640777
0.470779171
0.470865538
0.470906045
0.470909885
0.470889929
0.470860617
0.470837632
0.470835523
0.470867593
0.470943577
0.471069911
0.471248541
0.471477305
0.471750307
0.472058461
0.472390736
0.472735017
0.473079406
0.473413195
0.473727623
0.474016363
0.474275899
0.474505149
0.474705628
0.474880148
0.47503309
0.475169104
0.475293058
0.475409116
0.47552101
0.475631336
0.475742148
0.475854637
0.475969668
0.476087673
0.476208869
0.476333364
0.476461104
0.476591926
0.476725236
0.476859898
0.476994452
0.477126789
0.477254475
0.477374643
0.477484807
0.477582748
0.477667169
0.477737853
0.47779626
0.47784515
0.477889172
0.477934005
0.477986572
0.478054228
0.478144327
0.478263576
0.478417653
0.478610399
0.478844084
0.479118762
0.479432487
0.479781689
0.480161069
0.480564569
0.480985212
0.481415969
0.481849754
0.482280024
0.48270083
0.483106926
0.483493607
0.483857086
0.484194174
0.484502113
0.484779009
0.485023347
0.48523448
0.485412462
0.485558373
0.485674269
0.485763286
0.485829752
0.485878858
0.485916931
0.48595057
0.48598702
0.486033152
0.486095453
0.486179495
0.486289713
0.486428918
0.486598354
0.486797427
0.487023865
0.487273828
0.487542071
0.487822374
0.488107815
0.488391092
0.488664905
0.488922656
0.489158126
0.489366392
0.489543724
0.489687851
0.48979796
0.48987481
0.48992067
0.489939058
0.48993484
0.489913532
0.489881299
0.489844524
0.48980948
0.489781736
0.489766269
0.489766593
0.489785251
0.489823
0.489879298
0.489952308
0.490038838
0.490135102
0.490236451
0.49033834
0.490436443
0.490527083
0.490607339
0.490675752
0.490731943
0.4907771
0.490813443
0.490844486
0.490874609
0.490908734
0.490952053
0.491009704
0.491086445
0.491186441
0.491313045
0.491468691
0.491654676
0.491871379
0.492118098
0.492393263
0.492694441
0.493018604
0.493362019
0.493720794
0.494090601
0.494467115
0.494846008
0.495223224
0.495594924
0.495957917
0.496309337
0.496647182
0.496969993
0.497277066
0.497568293
0.497844107
0.498105265
0.498352741
0.498587561
0.498810538
0.499022158
0.499222475
0.499411164
0.499587469
0.499750307
0.499898598
0.500031421
0.500148182
0.50024899
0.500334492
0.500406312
0.500466937
0.500519342
0.500567095
0.500613876
0.500663198
0.500718252
0.500781365
0.500853996
0.500936849
0.50102949
0.501130838
0.501239325
0.501353328
0.501471171
0.501591826
0.501714699
0.501840059
0.501968664
0.502102136
0.502242044
0.502390227
0.502547928
0.502716012
0.502894372
0.503082034
0.503277267
0.503477475
0.503679739
0.503880975
0.504078371
0.504269765
0.504453749
0.504629946
0.504799058
0.504962545
0.505122788
0.505282489
0.505444679
0.50561206
0.505787337
0.505972457
0.506168934
0.506377742
0.506599421
0.506833971
0.507081176
0.507340387
0.507610739
0.507890934
0.508179078
0.508472631
0.508768509
0.509062657
0.509350531
0.509626994
0.509887125
0.510126164
0.510340596
0.510528095
0.510688608
0.510824244
0.510939437
0.511040893
0.51113705
0.511237478
0.51135186
0.511489226
0.51165677
0.51185952
0.512098884
0.5123734
0.512677769
0.513004203
0.513342373
0.513680867
0.514007842
0.514312373
0.514585213
0.514819493
0.515011427
0.51515988
0.515266798
0.515336239
0.515374312
0.515387994
0.515384803
0.515372094
0.515356735
0.515344891
0.515342079
0.51535322
0.515382856
0.515435586
0.515515842
0.515628439
0.515778082
0.515969205
0.516205756
0.516490223
0.516823796
0.517205339
0.517631282
0.518095678
0.518590034
0.519103968
0.519625473
0.520142002
0.520640955
0.521110921
0.52154184
0.521926411
0.522259443
0.522539043
0.522765806
0.522942705
0.523074826
0.52316844
0.523230742
0.523269085
0.523290393
0.523300993
0.523306131
0.523309971
0.523315541
0.523324789
0.523338796
0.523357778
0.523381628
0.523409696
0.523441226
0.523475459
0.523511585
0.52354901
0.523587407
0.523626616
0.523666907
0.523709036
0.52375414
0.523803948
0.523860571
0.523926875
0.52400605
0.524101719
0.524217561
0.524357523
0.524524959
0.524722896
0.524953282
0.525216982
0.525513239
0.525839727
0.526192228
0.526564739
0.526949744
0.527338155
0.527720455
0.52808653
0.528427026
0.528733558
0.528999854
0.529221857
0.529398594
0.529531905
0.529626709
0.529690579
0.529732816
0.529764021
0.52979501
0.529835625
0.529894086
0.529976344
0.530085047
0.530220304
0.530378762
0.530555121
0.53074208
0.530931796
0.531116484
0.531289543
0.531446325
0.53158434
0.531703968
0.531807695
0.531900499
0.531988543
0.532078859
0.532178368
0.532293399
0.532428602
0.532587384
0.53277099
0.532979257
0.533210562
0.533462256
0.533731526
0.53401529
0.534311006
0.534616727
0.534931101
0.535253263
0.53558278
0.535918894
0.536260633
0.53660605
0.53695244
0.537295693
0.537630781
0.537951644
0.538251849
0.538524581
0.538763403
0.538962638
0.539117743
0.539225851
0.539285665
0.539298266
0.539266466
0.539195241
0.539091406
0.538963287
0.538820891
0.538674872
0.538536749
0.538417824
0.538329456
0.53828181
0.538283865
0.538342814
0.538463577
0.538649021
0.538899039
0.53921152
0.539581543
0.540002512
0.540465987
0.540962453