0.035618574
0.035648634
0.035686427
0.035731838
0.035784606
0.035844168
0.035909887
0.035980894
0.036056232
0.036134859
0.036215664
0.036297539
0.036379417
0.036460252
0.036539139
0.036615257
0.036687919
0.036756633
0.036820973
0.036880764
0.036935894
0.036986422
0.037032518
0.037074423
0.037112485
0.037147079
0.037178621
0.037207545
0.037234268
0.037259197
0.037282717
0.037305155
0.03732682
0.037347951
0.037368752
0.037389377
0.037409925
0.037430468
0.037451009
0.037471536
0.03749199
0.03751228
0.037532295
0.037551895
0.037570932
0.037589256
0.037606716
0.03762319
0.037638571
0.037652801
0.037665893
0.037677892
0.037688968
0.037699339
0.037709332
0.037719372
0.037729943
0.037741645
0.037755104
0.037771
0.037790038
0.037812884
0.037840171
0.037872468
0.037910175
0.037953632
0.03800292
0.038057989
0.03811858
0.038184167
0.038254125
0.038327529
0.038403363
0.038480453
0.038557516
0.038633254
0.038706354
0.038775537
0.038839701
0.038897789
0.038949036
0.03899286
0.039028882
0.03905711
0.039077649
0.039090997
0.039097793
0.039098881
0.039095308
0.039088149
0.039078587
0.039067806
0.039056906
0.039046959
0.039038861
0.039033362
0.039031099
0.039032428
0.039037637
0.039046782
0.039059803
0.039076543
0.039096728
0.039120068
0.039146256
0.039174978
0.039205972
0.039239028
0.039273985
0.039310759
0.039349302
0.039389617
0.039431719
0.039475607
0.039521277
0.03956867
0.039617636
0.039668008
0.039719481
0.039771734
0.039824373
0.039876975
0.03992912
0.039980439
0.040030602
0.040079436
0.040126843
0.040172921
0.040217924
0.040262225
0.040306408
0.040351103
0.040397045
0.040444987
0.040495608
0.040549502
0.040607123
0.040668603
0.040733955
0.040802743
0.040874315
0.040947719
0.041021649
0.041094708
0.041165251
0.0412316
0.041292168
0.041345414
0.041390109
0.041425392
0.041450664
0.041466075
0.041472014
0.04146962
0.041460471
0.041446552
0.04143042
0.041414751
0.041402519
0.041396756
0.041400324
0.041415975
0.041446085
0.041492467
0.041556649
0.041639197
0.041740353
0.041859504
0.041995444
0.042146536
0.042310423
0.042484602
0.042666198
0.042852219
0.043039818
0.043226239
0.043409045
0.043586439
0.0437569
0.043919984
0.044075678
0.044225002
0.044369892
0.044512914
0.044657962
0.044809304
0.044972461
0.045153427
0.045358921
0.045596316
0.04587321
0.04619766
0.04657776
0.047021474
0.047536698
0.048130706
0.048810188
0.049581187
0.050448254
0.051415402
0.052484555
0.053656672
0.054930883
0.0563044
0.057773334
0.059331163
0.060970616
0.062682113
0.064454985
0.066277322
0.068135831
0.070016809
0.071905622
0.073787471
0.075647571
0.077471151
0.079244032
0.080952713
0.082584246
0.084127195
0.085570616
0.086905296
0.08812292
0.089216451
0.090180348
0.091009753
0.091701562
0.092253183
0.092663438
0.09293189
0.093058957
0.093046099
0.092895192
0.092609285
0.09219174
0.09164691
0.090979693
0.090195609
0.089301008
0.088302544
0.087207797
0.086024577
0.084761351
0.083426916
0.082030339
0.080580997
0.079088302
0.077561702
0.076010623
0.074444198
0.072871384
0.07130076
0.069740423
0.06819819
0.066681102
0.065195965
0.063748808
0.062345249
0.060990361
0.05968857
0.058443988
0.057259929
0.056139466
0.055084927
0.054098228
0.053180735
0.052333131
0.051555758
0.050848048
0.050209159
0.049637384
0.049130553
0.04868595
0.048300174
0.047969576
0.047689871
0.047456606
0.047265031
0.047110244
0.04698737
0.046891587
0.046818188
0.046762883
0.046721516
0.046690545
0.046666733
0.046647355
0.046630262
0.046613578
0.046596122
0.046576912
0.046555467
0.046531569
0.046505231
0.046476745
0.046446463
0.046414911
0.046382662
0.046350317
0.046318512
0.046287871
0.046259004
0.046232517
0.046208968
0.046188906
0.046172824
0.046161181
0.046154362
0.046152675
0.046156343
0.046165434
0.046179947
0.046199637
0.04622417
0.046253015
0.046285446
0.046320652
0.046357607
0.046395266
0.046432489
0.046468126
0.04650111
0.046530462
0.046555331
0.046575157
0.046589503
0.046598348
0.046601853
0.046600506
0.046595116
0.046586633
0.046576323
0.046565505
0.046555621
0.046548117
0.046544345
0.046545551
0.046552796
0.046566806
0.046588179
0.046617005
0.046653222
0.046696367
0.046745682
0.046800238
0.046858803
0.046920101
0.046982723
0.04704525
0.047106367
0.047164814
0.04721952
0.047269674
0.047314577
0.047353954
0.047387646
0.047415842
0.047438951
0.047457558
0.047472507
0.047484694
0.047495203
0.047505128
0.047515588
0.047527707
0.047542537
0.047561036
0.047584095
0.047612405
0.04764659
0.047687055
0.047734085
0.04778778
0.047848072
0.047914779
0.047987499
0.048065767
0.048148937
0.048236283
0.048326988
0.04842015
0.048514841
0.048610094
0.048704956
0.048798513
0.048889889
0.04897831
0.049063103
0.049143693
0.049219708
0.049290836
0.049357008
0.049418229
0.049474685
0.049526671
0.049574563
0.049618841
0.049660004
0.049698565
0.049735031
0.049769833
0.049803352
0.049835869
0.049867534
0.049898442
0.049928515
0.049957623
0.049985551
0.05001202
0.050036744
0.050059454
0.050079902
0.050097969
0.050113593
0.0501269
0.050138126
0.050147684
0.050156148
0.05016421
0.050172729
0.050182599
0.0501948
0.050210315
0.050230065
0.050254883
0.050285491
0.050322357
0.050365832
0.050415891
0.050472356
0.050534706
0.050602166
0.050673761
0.050748221
0.050824191
0.050900148
0.050974513
0.051045754
0.051112357
0.051172979
0.051226511
0.051271986
0.051308901
0.051336912
0.051356167
0.051367089
0.051370444
0.051367388
0.051359227
0.051347612
0.051334264
0.051320993
0.051309658
0.051301955
0.051299471
0.051303565
0.051315199
0.051335161
0.051363634
0.051400586
0.051445476
0.051497403
0.051555196
0.051617292
0.051682059
0.051747683
0.051812336
0.051874342
0.05193214
0.051984488
0.052030535
0.052069703
0.052102107
0.052128072
0.052148602
0.052164996
0.052178934
0.052192449
0.052207647
0.052226771
0.05225202
0.052285294
0.052328375
0.052382483
0.052448424
0.052526534
0.052616369
0.052717194
0.052827449
0.052945298
0.053068412
0.053194178
0.053319889
0.053442758
0.053560109
0.053669643
0.053769217
0.053857424
0.053933194
0.053996156

