0.03925554
0.03930112
0.039349465
0.039399879
0.039451602
0.03950374
0.039555383
0.039605644
0.039653634
0.039698603
0.039739912
0.039777052
0.039809782
0.039837955
0.039861715
0.039881356
0.039897332
0.039910303
0.039920974
0.039930175
0.039938764
0.039947569
0.039957402
0.039969001
0.039982966
0.039999842
0.040019973
0.040043629
0.040070921
0.040101837
0.040136301
0.040174109
0.040215036
0.040258791
0.04030507
0.040353564
0.040403975
0.040456012
0.04050941
0.04056393
0.040619349
0.040675466
0.040732082
0.040789019
0.040846096
0.040903146
0.040959993
0.041016477
0.041072438
0.041127745
0.041182283
0.041235964
0.041288745
0.041340612
0.041391598
0.041441769
0.041491215
0.041540067
0.041588452
0.041636484
0.041684281
0.041731894
0.041779327
0.04182653
0.041873337
0.041919546
0.041964831
0.042008798
0.042051002
0.042090916
0.042128009
0.042161746
0.042191602
0.042217128
0.042237938
0.042253759
0.042264482
0.042270074
0.042270738
0.042266776
0.042258677
0.042247078
0.042232694
0.042216407
0.042199112
0.04218176
0.042165332
0.042150727
0.042138812
0.042130369
0.042126006
0.042126275
0.042131476
0.042141817
0.042157327
0.042177836
0.042203112
0.042232704
0.042266126
0.042302785
0.042342035
0.042383236
0.042425741
0.04246894
0.042512322
0.042555412
0.042597908
0.042639584
0.042680351
0.042720285
0.04275953
0.042798408
0.04283731
0.042876701
0.042917129
0.042959145
0.043003318
0.043050182
0.043100197
0.043153779
0.043211192
0.043272604
0.043338073
0.043407461
0.043480577
0.043557056
0.043636465
0.043718296
0.043801998
0.043887024
0.043972883
0.04405911
0.044145431
0.044231644
0.044317776
0.04440405
0.044490843
0.044578831
0.044668794
0.044761768
0.044858916
0.044961477
0.045070813
0.045188271
0.045315147
0.045452695
0.045601955
0.045763836
0.045939018
0.046127848
0.04633053
0.046546822
0.04677634
0.047018333
0.047271826
0.047535661
0.047808424
0.048088635
0.048374661
0.048664813
0.048957425
0.0492508
0.049543322
0.049833455
0.050119721
0.050400818
0.050675512
0.050942749
0.051201594
0.051451248
0.051691135
0.051920756
0.052139918
0.052348531
0.052546836
0.052735327
0.052914763
0.053086397
0.053251676
0.053412733
0.053571971
0.05373242
0.053897652
0.054071622
0.054259082
0.054464981
0.054694993
0.054955036
0.055251374
0.055590543
0.05597911
0.056423601
0.056930475
0.057505621
0.058154678
0.058882429
0.059692802
0.060589026
0.061572625
0.062644581
0.063803782
0.065048173
0.066374023
0.067775839
0.069247194
0.070779419
0.072363224
0.073987495
0.075640284
0.07730877
0.078979189
0.080637589
0.082269642
0.083861019
0.085397913
0.086866785
0.088255056
0.089551229
0.090744544
0.091826286
0.092788369
0.093624876
0.09433104
0.094903552
0.095340962
0.095642506
0.095809344
0.095843171
0.095746909
0.095524195
0.095179137
0.094716521
0.094141286
0.093458708
0.092674176
0.091793203
0.090821386
0.089764426
0.088628156
0.087418539
0.086141871
0.084804605
0.083413696
0.081976381
0.080500357
0.078993817
0.07746521
0.075923515
0.074377848
0.072837515
0.071311913
0.069810222
0.068341331
0.066913829
0.06553533
0.064213117
0.062953108
0.061760466
0.060639234
0.059591994
0.058620691
0.05772548
0.056905995
0.056160492
0.055486474
0.054880799
0.054339485
0.053858378
0.05343285
0.053058209
0.052729824
0.052443097
0.052193722
0.05197773
0.051791383
0.051631532
0.051495214
0.051380003
0.05128376
0.051204614
0.051141049
0.051091622
0.051055119
0.051030361
0.051016208
0.051011525
0.051015138
0.051025814
0.051042285
0.051063218
0.05108726
0.051113082
0.051139353
0.051164846
0.05118845
0.051209161
0.051226263
0.051239134
0.051247516
0.051251318
0.051250733
0.051246234
0.051238442
0.051228275
0.051216722
0.051204925
0.051194098
0.051185415
0.05118003
0.051178994
0.05118314
0.051193203
0.051209556
0.051232406
0.051261654
0.051296872
0.051337469
0.0513825
0.051430909
0.051481419
0.05153266
0.051583255
0.051631786
0.051676949
0.051717613
0.05175275
0.05178171
0.051804004
0.051819533
0.051828522
0.051831429
0.051829158
0.051822741
0.051813554
0.051803095
0.051792961
0.051784848
0.051780377
0.051781051
0.051788283
0.051803119
0.051826459
0.05185876
0.051900172
0.051950522
0.052009155
0.052075255
0.052147541
0.052224614
0.052304848
0.052386509
0.052467865
0.052547241
0.052623042
0.05269399
0.052758912
0.052817083
0.052868046
0.052911663
0.052948242
0.052978248
0.053002587
0.053022262
0.053038483
0.053052556
0.053065766
0.053079354
0.053094468
0.053111989
0.05313271
0.053157048
0.053185255
0.053217311
0.053252934
0.053291736
0.053333111
0.053376413
0.053420968
0.053466103
0.05351128
0.053556051
0.053600121
0.053643433
0.053686014
0.053728161
0.053770262
0.053812815
0.053856418
0.053901656
0.053949081
0.053999204
0.054052339
0.054108724
0.054168365
0.054231082
0.05429656
0.054364248
0.054433524
0.054503624
0.054573742
0.05464307
0.054710828
0.054776316
0.054838972
0.054898321
0.05495414
0.055006281
0.055054822
0.055099961
0.055142019
0.055181429
0.055218668
0.055254243
0.055288678
0.05532243
0.055355923
0.055389496
0.055423404
0.055457839
0.055492868
0.055528537
0.055564805
0.0556016
0.055638834
0.055676398
0.055714201
0.055752156
0.055790191
0.055828263
0.055866321
0.055904342
0.055942282
0.05598009
0.056017687
0.056054986
0.056091843
0.056128116
0.056163616
0.056198155
0.056231563
0.05626368
0.056294379
0.056323632
0.056351433
0.056377916
0.056403286
0.056427846
0.05645202
0.056476265
0.05650115
0.05652726
0.056555175
0.056585492
0.056618726
0.056655314
0.056695625
0.056739831
0.056788061
0.056840201
0.056896078
0.056955337
0.057017531
0.057082138
0.057148544
0.057216133
0.057284287
0.057352413
0.057420007
0.05748662
0.057551919
0.057615706
0.057677849
0.057738394
0.057797422
0.057855146
0.057911818
0.057967728
0.05802319
0.058078486
0.058133868
0.058189533
0.058245574
0.058302016
0.058358773
0.058415658
0.058472401
0.058528626
0.058583904
0.05863775
0.058689655
0.058739105
0.058785616
0.058828753
0.058868163
0.058903569
0.058934861
0.058962008
0.058985169
0.059004632
0.05902082

