0.019794841
0.019894069
0.01999528
0.020098085
0.020202074
0.020306829
0.020411927
0.020516944
0.020621502
0.020725244
0.020827854
0.020929107
0.021028807
0.02112686
0.02122326
0.021318044
0.021411405
0.021503565
0.021594854
0.021685703
0.021776574
0.021868046
0.021960731
0.022055284
0.022152421
0.022252862
0.022357342
0.0224666
0.022581349
0.022702262
0.022829995
0.022965107
0.023108108
0.023259443
0.023419421
0.023588322
0.023766287
0.023953371
0.024149582
0.02435479
0.024568841
0.024791517
0.025022548
0.025261662
0.025508585
0.025763043
0.026024817
0.026293748
0.026569704
0.026852697
0.027142779
0.027440107
0.027744961
0.028057666
0.028378681
0.028708522
0.029047752
0.029397015
0.029756967
0.030128288
0.030511658
0.030907757
0.031317212
0.031740662
0.032178669
0.032631777
0.033100495
0.033585286
0.034086602
0.034604891
0.03514058
0.035694125
0.036266016
0.036856756
0.037466923
0.038097152
0.038748108
0.039420574
0.040115354
0.040833329
0.041575454
0.0423427
0.043136116
0.043956771
0.044805776
0.045684278
0.046593455
0.047534559
0.048508866
0.049517766
0.050562783
0.051645492
0.052767783
0.053931671
0.055139435
0.056393795
0.057697594
0.059054291
0.060467657
0.061941797
0.063481517
0.06509178
0.066778129
0.068546499
0.070402962
0.072354037
0.07440628
0.076566252
0.078840473
0.081235291
0.083756399
0.086409323
0.089198569
0.092127755
0.095199918
0.098416096
0.101776767
0.10528059
0.108924335
0.112704044
0.11661282
0.120642876
0.124784437
0.129025357
0.133352807
0.137751141
0.1422037
0.146692395
0.151197053
0.155697083
0.160170107
0.164593028
0.168942164
0.173192857
0.177320345
0.181299629
0.18510564
0.188713568
0.192099272
0.195238811
0.198109712
0.200690314
0.202960059
0.204900809
0.206495059
0.207728269
0.208587866
0.20906288
0.209146545
0.208833033
0.208120464
0.207010085
0.205504714
0.203612293
0.201342031
0.198706898
0.195723281
0.192408778
0.188785344
0.184876109
0.180706472
0.176304226
0.171697695
0.166916974
0.161992714
0.156955667
0.151836729
0.146666562
0.141474392
0.136288989
0.131137441
0.126044524
0.121034296
0.116127198
0.111342225
0.106696105
0.102201913
0.097871908
0.093714423
0.08973605
0.085941545
0.082332378
0.078909383
0.075670731
0.072613253
0.069732866
0.067023648
0.064479357
0.062092762
0.059856074
0.057761358
0.055800333
0.053964692
0.052246308
0.050637179
0.0491295
0.047716028
0.046389657
0.045143869
0.043972616
0.042870095
0.041831266
0.040851264
0.039925773
0.039050927
0.03822305
0.037439038
0.03669593
0.035991097
0.035322223
0.034687072
0.034083736
0.033510379
0.032965325
0.032447039
0.031954028
0.031484934
0.031038437
0.030613272
0.030208254
0.029822214
0.029454062
0.029102733
0.028767227
0.02844661
0.028139973
0.027846519
0.027565491
0.027296199
0.027038067
0.026790533
0.02655317
0.026325586
0.026107448
0.025898504
0.025698524
0.025507325
0.025324745
0.025150626
0.02498481
0.024827129
0.024677371
0.024535304
0.02440065
0.024273064
0.02415218
0.024037554
0.023928705
0.02382512
0.023726237
0.023631486
0.023540289
0.023452064
0.02336625
0.023282334
0.023199824
0.023118309
0.023037439
0.022956916
0.022876567
0.022796251
0.022715933
0.022635661
0.022555516
0.022475683
0.022396365
0.022317814
0.022240313
0.022164144
0.022089599
0.022016959
0.021946479
0.021878379
0.02181286
0.021750053
0.021690069
0.021632953
0.021578704
0.021527293
0.021478618
0.021432562
0.021388959
0.021347608
0.021308297
0.021270775
0.021234781
0.021200044
0.021166278
0.021133196
0.02110052
0.021067965
0.021035269
0.02100219
0.020968496
0.020934006
0.020898558
0.020862043
0.020824411
0.020785634
0.020745792
0.020704983
0.020663383
0.020621245
0.020578841
0.020536525
0.020494678
0.020453702
0.020414024
0.02037607
0.020340229
0.020306884
0.020276349
0.020248859
0.02022462
0.020203683
0.020186055
0.020171635
0.020160196
0.020151478
0.020145092
0.020140607
0.020137556
0.020135425
0.020133704
0.02013192
0.02012961
0.020126389
0.020121966
0.020116092
0.020108687
0.020099734
0.020089321
0.020077684
0.02006509




















































































































































































































































































































































































































































































