0.039037713
0.039044973
0.039046424
0.039041681
0.039030554
0.039013211
0.038989926
0.038961394
0.038928489
0.038892319
0.038854256
0.03881575
0.038778397
0.038743826
0.038713581
0.03868917
0.038671901
0.038662829
0.038662853
0.038672398
0.038691752
0.03872075
0.038758941
0.038805661
0.038859864
0.038920435
0.038986035
0.039055262
0.039126724
0.039199037
0.039270918
0.039341288
0.03940915
0.039473834
0.039534814
0.039591812
0.039644815
0.039693907
0.039739454
0.039781877
0.039821715
0.039859575
0.039896059
0.039931756
0.03996722
0.040002887
0.040039152
0.040076272
0.040114406
0.040153638
0.040193915
0.040235155
0.040277187
0.040319806
0.0403628
0.040405927
0.040448965
0.04049172
0.040534015
0.040575715
0.040616718
0.040656952
0.040696387
0.040735001
0.04077281
0.040809826
0.040846073
0.040881581
0.040916366
0.04095044
0.040983808
0.04101646
0.041048378
0.041079528
0.041109878
0.041139376
0.041167975
0.041195624
0.041222269
0.04124786
0.041272365
0.041295745
0.041317989
0.041339111
0.041359135
0.041378134
0.041396204
0.041413493
0.041430194
0.041446534
0.041462812
0.041479344
0.041496495
0.041514656
0.041534226
0.041555605
0.041579171
0.041605245
0.041634114
0.041665944
0.04170083
0.041738751
0.041779535
0.041822935
0.041868529
0.041915837
0.041964263
0.042013146
0.042061819
0.042109606
0.042155853
0.042200037
0.042241686
0.042280527
0.042316437
0.04234944
0.042379826
0.042407962
0.042434472
0.042460059
0.042485535
0.042511785
0.04253968
0.042570047
0.042603669
0.04264112
0.042682884
0.042729211
0.042780142
0.042835579
0.042895143
0.042958387
0.043024697
0.043093401
0.043163848
0.043235418
0.043307579
0.043380058
0.043452672
0.043525628
0.043599317
0.043674429
0.043751995
0.043833164
0.043919407
0.044012257
0.044113322
0.044224235
0.044346489
0.044481391
0.044630084
0.04479321
0.044971235
0.045164028
0.045371105
0.04559157
0.045823954
0.046066599
0.04631732
0.046573773
0.046833403
0.047093507
0.047351427
0.047604567
0.047850437
0.048086938
0.048312128
0.048524607
0.048723355
0.048907789
0.049078037
0.04923449
0.049378417
0.049511386
0.049635668
0.049754092
0.049869887
0.04998703
0.050109723
0.050242888
0.050391699
0.050561768
0.050759083
0.050989787
0.051260311
0.051577136
0.051946696
0.052375394
0.052869271
0.053434014
0.054074876
0.054796143
0.055601716
0.056494006
0.057474768
0.058544346
0.059701663
0.06094476
0.062269553
0.063671365
0.065143476
0.066678273
0.068266874
0.069899072
0.071564158
0.073250207
0.074945051
0.076636014
0.078310199
0.079954849
0.081557363
0.083105437
0.084587594
0.085992657
0.087310697
0.088532391
0.089649486
0.090654963
0.091542436
0.092307171
0.092944917
0.093452929
0.093829212
0.094072733
0.094183586
0.094162359
0.094010844
0.093731217
0.093326602
0.092800655
0.092157609
0.091402406
0.090540291
0.089577267
0.088519581
0.087374094
0.086148025
0.084848968
0.083485013
0.082064422
0.080595962
0.079088529
0.077551332
0.075993753
0.074425222
0.072855259
0.071293326
0.069748659
0.068230376
0.066747064
0.06530697
0.063917698
0.062586023
0.061318238
0.060119217
0.058993402
0.057943706
0.056972205
0.056079879
0.055266315
0.054530513
0.053869922
0.053281542
0.052761287
0.052304484
0.051906041
0.051560337
0.051261707
0.051004426
0.050782811
0.050591617
0.050425855
0.050281076
0.050153522
0.05003979
0.049937475
0.049844455
0.04975945
0.049681617
0.049610523
0.049546231
0.049488922
0.049439042
0.049397068
0.049363413
0.049338434
0.049322288
0.049314878
0.04931597
0.049324931
0.049341027
0.049363234
0.049390386
0.049421239
0.049454459
0.049488739
0.049522885
0.049555749
0.049586461
0.049614292
0.049638757
0.04965967
0.049676976
0.049690959
0.049701995
0.049710662
0.049717645
0.049723661
0.049729468
0.049735789
0.049743245
0.049752416
0.049763688
0.049777357
0.049793565
0.04981229
0.049833443
0.049856769
0.049881991
0.049908754
0.049936697
0.049965479
0.049994784
0.050024349
0.050054023
0.050083683
0.050113343
0.050143071
0.050173008
0.050203378
0.050234424
0.050266424
0.050299667
0.050334414
0.050370915
0.050409367
0.050449914
0.050492659
0.05053761
0.050584759
0.050634003
0.050685212
0.050738204
0.050792762
0.050848642
0.050905579
0.050963294
0.051021488
0.051079869
0.051138118
0.051195931
0.051252986
0.051308967
0.051363552
0.051416427
0.051467286
0.051515848
0.051561837
0.051605031
0.051645251
0.051682354
0.051716303
0.051747082
0.051774799
0.051799615
0.051821775
0.051841603
0.051859473
0.051875823
0.051891114
0.051905828
0.051920453
0.05193544
0.051951212
0.051968146
0.051986537
0.052006635
0.052028589
0.052052496
0.05207838
0.052106202
0.052135896
0.052167337
0.052200398
0.052234945
0.052270845
0.052307982
0.052346255
0.052385579
0.052425903
0.05246717
0.052509343
0.052552378
0.052596211
0.052640771
0.052685949
0.05273161
0.052777593
0.0528237
0.052869717
0.052915436
0.052960631
0.053005116
0.053048749
0.053091419
0.053133123
0.053173893
0.053213886
0.053253325
0.053292507
0.05333182
0.053371682
0.053412547
0.053454889
0.053499137
0.053545701
0.053594895
0.053646948
0.053702003
0.053760025
0.053820931
0.053884446
0.053950222
0.05401781
0.054086659
0.054156197
0.054225796
0.054294838
0.054362736
0.054428925
0.054492923
0.054554319
0.054612781
0.054668089
0.054720075
0.054768694
0.054813949
0.054855927
0.054894757
0.054930613
0.054963717
0.054994297
0.055022615
0.055048949
0.055073583
0.055096831
0.055119005
0.055140444
0.055161492
0.055182506
0.055203848
0.055225862
0.055248884
0.0552732
0.055299051
0.055326609
0.055355924
0.055386994
0.055419639
0.055453602
0.055488474
0.055523735
0.055558793
0.055592949
0.055625489
0.055655706
0.055682903
0.055706522
0.0557261
0.055741358
0.055752255
0.0557589
0.055761773
0.055761462
0.05575888
0.055755098
0.055751336
0.055748953
0.055749318
0.055753783
0.055763646
0.055779965
0.055803683
0.055835395
0.055875411
0.055923784
0.055980102
0.056043803
0.056113892
0.056189228
0.05626846
0.056350106
0.056432678
0.056514705
0.056594799
0.056671828
0.056744753
0.056812943
0.056875968
0.05693372

