0.019239008
0.019294679
0.019348778
0.019401576
0.019453403
0.019504629
0.019555713
0.019607127
0.019659379
0.019713003
0.01976853
0.019826469
0.019887335
0.019951585
0.020019636
0.020091883
0.020168626
0.020250143
0.02033664
0.020428259
0.020525118
0.020627256
0.020734689
0.020847397
0.020965317
0.021088379
0.02121648
0.021349504
0.021487319
0.02162978
0.021776724
0.021927968
0.022083314
0.022242545
0.022405411
0.022571651
0.022740977
0.02291308
0.023087653
0.023264372
0.023442927
0.023623037
0.023804456
0.023986972
0.024170491
0.024354953
0.02454043
0.024727126
0.024915301
0.025105432
0.025298061
0.025493855
0.025693645
0.025898287
0.026108762
0.026326091
0.026551301
0.026785428
0.027029486
0.027284385
0.027550978
0.027830014
0.028122048
0.028427591
0.02874692
0.029080193
0.029427482
0.029788659
0.030163556
0.030551927
0.030953469
0.031367897
0.031794983
0.032234512
0.032686433
0.033150829
0.03362788
0.034118074
0.034621988
0.035140457
0.035674581
0.036225544
0.036794866
0.037384169
0.037995251
0.038630107
0.039290778
0.039979477
0.040698474
0.041450097
0.042236772
0.043060937
0.043925123
0.044831902
0.045783928
0.046783985
0.047834909
0.04893978
0.050101801
0.051324365
0.052611228
0.053966238
0.055393677
0.056898087
0.05848421
0.060157243
0.061922497
0.063785557
0.065752206
0.067828241
0.070019492
0.072331756
0.074770502
0.077340882
0.080047758
0.082894956
0.085886006
0.089023247
0.092307804
0.095740226
0.099318841
0.10304124
0.106903293
0.110898706
0.115020541
0.119258947
0.123602996
0.128040089
0.132555081
0.137132257
0.141753342
0.146398919
0.151048456
0.155679447
0.160269045
0.164792977
0.169226356
0.173543926
0.177719889
0.18172842
0.185543978
0.189141227
0.192495376
0.195582966
0.198380894
0.200868108
0.203024947
0.204833001
0.206277153
0.207343116
0.208020003
0.208299638
0.208175367
0.20764542
0.206709199
0.205370078
0.203634957
0.201512175
0.199015246
0.196159
0.19296152
0.189444279
0.185629647
0.181543625
0.177213305
0.172667208
0.167935635
0.16304912
0.158038865
0.152936274
0.147772193
0.142576653
0.137379262
0.13220733
0.127087158
0.122043172
0.117096719
0.112268327
0.107574595
0.103030334
0.098648213
0.094437049
0.090404815
0.086555906
0.08289284
0.079416706
0.076125597
0.073017059
0.070086615
0.067328617
0.064736868
0.062303932
0.060022161
0.057883507
0.055879671
0.054002405
0.052243655
0.050595414
0.049050156
0.047600714
0.046240173
0.044962365
0.043761303
0.042631596
0.041568362
0.040566913
0.039623249
0.038733519
0.037894284
0.037102463
0.036355102
0.03564963
0.034983594
0.034354728
0.033760975
0.033200328
0.032670956
0.032171094
0.03169904
0.031253191
0.030831963
0.030433826
0.030057283
0.029700857
0.029363111
0.029042615
0.028737977
0.028447829
0.028170839
0.027905736
0.027651274
0.027406322
0.02716979
0.026940691
0.026718185
0.02650147
0.026289956
0.026083136
0.025880624
0.025682229
0.025487803
0.025297385
0.025111092
0.024929102
0.024751705
0.024579209
0.02441194
0.024250245
0.024094429
0.023944745
0.023801417
0.02366455
0.023534179
0.023410267
0.023292618
0.023181011
0.023075092
0.022974435
0.022878576
0.022786978
0.022699086
0.022614346
0.022532203
0.022452128
0.022373664
0.022296376
0.022219932
0.022144074
0.022068597
0.021993434
0.021918552
0.021844015
0.021769965
0.021696571
0.021624079
0.02155275
0.021482863
0.021414708
0.02134857
0.021284699
0.021223341
0.021164682
0.02110887
0.021056021
0.021006172
0.020959339
0.020915475
0.020874479
0.020836232
0.020800555
0.020767254
0.020736106
0.02070687
0.020679296
0.020653128
0.020628113
0.020604002
0.020580562
0.020557563
0.020534809
0.020512111
0.020489304
0.020466258
0.020442849
0.020418994
0.020394628
0.02036971
0.020344235
0.020318207
0.02029167
0.020264687
0.020237346
0.020209763
0.020182066
0.020154419
0.020126998
0.020099993
0.020073614
0.020048078
0.020023602
0.020000411
0.01997871
0.019958694
0.019940543
0.019924386
0.019910337
0.019898458
0.019888746
0.019881178
0.019875631
0.019871957
0.019869948
0.019869323
0.019869785




















































































































































































































































































































































































































































































