0.0952375
0.0719896
0.0415787
0.0541711
0.0583834
0.053367
0.0536998
0.0550591
0.0546783
0.0545106
0.0547718
0.054857
0.0548769
0.0549666
0.0550567
0.0551293
0.0552079
0.0552903
0.0553703
0.0554498
0.0555296
0.0556085
0.0556862
0.0557625
0.0558371
0.0559096
0.0559798
0.0560472
0.0561117
0.0561731
0.0562312
0.0562859
0.0563372
0.0563852
0.0564301
0.056472
0.0565113
0.0565481
0.0565827
0.0566156
0.0566469
0.056677
0.0567059
0.056734
0.0567612
0.0567877
0.0568134
0.0568384
0.0568625
0.0568858
0.0569083
0.0569299
0.0569509
0.0569714
0.0569918
0.0570124
0.0570337
0.0570564
0.0570812
0.0571088
0.0571401
0.0571758
0.0572167
0.0572635
0.0573167
0.0573769
0.057444
0.0575183
0.0575994
0.0576868
0.0577798
0.0578775
0.0579786
0.0580819
0.0581858
0.0582889
0.0583895
0.0584861
0.0585773
0.0586618
0.0587385
0.0588065
0.0588654
0.0589149
0.0589549
0.0589859
0.0590085
0.0590235
0.0590321
0.0590356
0.0590352
0.0590326
0.059029
0.0590259
0.0590246
0.059026
0.0590313
0.059041
0.0590557
0.0590757
0.0591011
0.0591317
0.0591674
0.0592078
0.0592524
0.0593007
0.0593523
0.0594066
0.0594633
0.059522
0.0595823
0.059644
0.0597069
0.0597709
0.0598357
0.0599013
0.0599676
0.0600344
0.0601014
0.0601687
0.0602358
0.0603026
0.060369
0.0604347
0.0604996
0.0605639
0.0606275
0.0606908
0.0607541
0.0608179
0.0608829
0.0609497
0.0610191
0.0610918
0.0611686
0.0612499
0.0613362
0.0614276
0.0615239
0.0616248
0.0617295
0.061837
0.0619459
0.0620549
0.0621621
0.062266
0.0623649
0.0624572
0.0625418
0.0626178
0.0626846
0.0627424
0.0627915
0.0628332
0.062869
0.062901
0.0629317
0.0629638
0.0630004
0.0630445
0.063099
0.0631666
0.0632497
0.0633501
0.0634691
0.0636072
0.0637645
0.06394
0.0641324
0.0643398
0.0645597
0.0647893
0.065026
0.0652668
0.0655093
0.0657514
0.0659915
0.0662291
0.066464
0.0666977
0.0669322
0.067171
0.0674188
0.0676809
0.0679644
0.0682767
0.0686267
0.0690236
0.0694774
0.0699984
0.0705971
0.0712841
0.0720697
0.0729633
0.0739742
0.0751101
0.0763745
0.077662
0.0789863
0.0803861
0.0819942
0.0837595
0.0856535
0.0876976
0.0898867
0.0922012
0.0946328
0.0971688
0.0997911
0.102481
0.10522
0.107985
0.110755
0.113507
0.116219
0.118869
0.121434
0.123896
0.126234
0.128432
0.130474
0.132286
0.13381
0.135062
0.136108
0.136977
0.137638
0.138088
0.138335
0.138328
0.137838
0.136946
0.135769
0.134514
0.13311
0.131537
0.129774
0.127803
0.12567
0.123454
0.121195
0.11888
0.116524
0.114145
0.111755
0.109366
0.106994
0.104652
0.102354
0.100112
0.0979387
0.0958464
0.0938454
0.0919457
0.090155
0.0884804
0.0869267
0.0854973
0.0841939
0.0830159
0.0818946
0.0808023
0.0797578
0.0788136
0.0779776
0.077227
0.0765569
0.0759652
0.0753841
0.0747211
0.0740205
0.073363
0.0728219
0.0723501
0.071934
0.0715823
0.0712879
0.0710422
0.0708409
0.0706787
0.07055
0.0704491
0.0703716
0.0703125
0.0702679
0.070234
0.0702075
0.0701859
0.0701669
0.0701487
0.07013
0.07011
0.070088
0.0700638
0.0700374
0.070009
0.0699789
0.0699477
0.0699159
0.0698843
0.0698535
0.0698245
0.0697978
0.0697745
0.0697552
0.0697406
0.0697315
0.0697284
0.0697318
0.0697419
0.0697588
0.0697826
0.0698127
0.0698487
0.0698899
0.0699351
0.0699834
0.0700334
0.0700837
0.0701329
0.0701798
0.070223
0.0702616
0.0702947
0.0703219
0.0703429
0.0703581
0.0703679
0.0703732
0.0703753
0.0703754
0.0703755
0.0703771
0.0703819
0.0703917
0.070408
0.0704319
0.0704646
0.0705065
0.070558
0.0706186
0.070688
0.0707651
0.0708487
0.0709373
0.0710291
0.0711225
0.0712156
0.0713067
0.0713943
0.0714769
0.0715536
0.0716234
0.0716858
0.0717407
0.0717883
0.0718288
0.0718631
0.071892
0.0719165
0.0719379
0.0719574
0.0719764
0.071996
0.0720176
0.0720423
0.0720712
0.0721052
0.0721452
0.0721918
0.0722456
0.072307
0.0723761
0.072453
0.0725377
0.0726298
0.072729
0.0728347
0.0729462
0.0730627
0.0731831
0.0733064
0.0734316
0.0735573
0.0736824
0.0738057
0.0739261
0.0740426
0.0741544
0.0742606
0.0743607
0.0744545
0.0745417
0.0746224
0.0746968
0.0747654
0.0748287
0.0748873
0.0749418
0.0749931
0.0750417
0.0750882
0.0751332
0.075177
0.0752199
0.075262
0.0753034
0.0753438
0.0753832
0.0754214
0.0754581
0.0754932
0.0755266
0.0755583
0.0755885
0.0756175
0.0756459
0.0756743
0.0757035
0.0757344
0.0757682
0.0758057
0.0758481
0.0758963
0.0759512
0.0760133
0.0760831
0.0761608
0.0762461
0.0763387
0.0764375
0.0765417
0.0766497
0.0767601
0.0768709
0.0769803
0.0770863
0.0771871
0.0772809
0.0773661
0.0774413
0.0775056
0.0775585
0.0775996
0.0776292
0.077648
0.0776571
0.077658
0.0776525
0.0776425
0.0776305
0.0776187
0.0776093
0.0776047
0.0776067
0.077617
0.0776368
0.0776669
0.0777075
0.0777584
0.0778187
0.0778871
0.0779619
0.078041
0.0781221
0.0782027
0.0782804
0.0783529
0.0784182
0.0784748
0.0785217
0.0785583
0.0785851
0.0786027
0.078613
0.078618
0.0786203
0.0786232
0.0786298
0.0786435
0.0786676
0.0787049
0.0787581
0.0788288
0.0789183
0.0790269
0.079154
0.0792984
0.0794577
0.0796293
0.0798095
0.0799946
0.0801806
0.0803635
0.0805392
0.0807045
0.0808563
0.0809926
0.0811118
0.0812134
