0.104962
0.0793655
0.0458466
0.059732
0.0643662
0.0588156
0.0591513
0.0606058
0.0601336
0.0598867
0.0601018
0.0601156
0.0600515
0.0600588
0.0600631
0.0600468
0.0600374
0.0600341
0.060032
0.0600346
0.0600442
0.0600606
0.0600844
0.0601162
0.0601559
0.0602033
0.060258
0.0603193
0.0603865
0.0604587
0.060535
0.0606145
0.0606964
0.0607798
0.0608642
0.0609491
0.0610341
0.0611189
0.0612035
0.0612879
0.0613721
0.0614562
0.0615404
0.0616247
0.0617093
0.0617941
0.0618793
0.0619647
0.0620502
0.0621357
0.0622211
0.062306
0.0623905
0.0624741
0.0625569
0.0626387
0.0627193
0.0627987
0.0628767
0.0629533
0.0630283
0.0631016
0.0631729
0.0632421
0.0633087
0.0633724
0.0634327
0.0634893
0.0635415
0.0635889
0.063631
0.0636674
0.0636978
0.063722
0.0637398
0.0637514
0.063757
0.063757
0.0637519
0.0637425
0.0637297
0.0637144
0.0636976
0.0636804
0.0636641
0.0636496
0.0636382
0.0636305
0.0636277
0.0636303
0.0636389
0.063654
0.0636758
0.0637043
0.0637395
0.0637811
0.0638287
0.0638818
0.0639397
0.0640019
0.0640674
0.0641355
0.0642054
0.0642763
0.0643473
0.0644178
0.0644872
0.064555
0.0646208
0.0646845
0.0647461
0.0648056
0.0648636
0.0649205
0.0649771
0.065034
0.0650924
0.065153
0.065217
0.0652852
0.0653585
0.0654375
0.065523
0.065615
0.0657137
0.0658189
0.0659302
0.0660469
0.0661683
0.0662933
0.0664211
0.0665506
0.066681
0.0668115
0.0669419
0.0670722
0.0672025
0.0673337
0.067467
0.0676042
0.0677472
0.0678983
0.0680605
0.0682363
0.0684287
0.0686405
0.0688741
0.0691318
0.0694154
0.0697259
0.0700643
0.07043
0.0708226
0.0712404
0.0716811
0.0721421
0.0726197
0.0731103
0.0736096
0.0741133
0.0746169
0.0751161
0.0756067
0.076085
0.0765474
0.0769913
0.0774142
0.0778146
0.0781914
0.0785441
0.0788733
0.0791795
0.0794645
0.0797303
0.0799796
0.0802157
0.0804423
0.0806642
0.0808859
0.0811135
0.0813531
0.0816114
0.081896
0.0822147
0.0825762
0.0829893
0.083463
0.0840068
0.0846299
0.0853413
0.0861497
0.087063
0.0880884
0.0892316
0.0904973
0.0918886
0.0934167
0.0954614
0.0974948
0.0995479
0.101771
0.104087
0.106448
0.108872
0.111343
0.113832
0.116323
0.1188
0.121242
0.12363
0.125946
0.128171
0.130289
0.132282
0.134138
0.135841
0.13738
0.138745
0.139927
0.14092
0.141718
0.142515
0.143237
0.143671
0.143896
0.143949
0.143803
0.143461
0.142938
0.142388
0.142357
0.141912
0.141169
0.140343
0.139357
0.13819
0.137052
0.135856
0.134424
0.132839
0.131137
0.129306
0.127357
0.12531
0.123174
0.120964
0.118693
0.116375
0.114025
0.111656
0.109283
0.106918
0.104573
0.102262
0.0999952
0.0977832
0.0956355
0.0935605
0.0915662
0.0896586
0.0880372
0.0865855
0.0851833
0.0838912
0.0827214
0.0816529
0.0806833
0.0798132
0.0792162
0.0789611
0.078632
0.0783094
0.0780687
0.0778588
0.0776651
0.0774987
0.0773546
0.0772273
0.0771167
0.0770223
0.0769434
0.0768795
0.0768308
0.076797
0.0767779
0.0767729
0.0767813
0.0768019
0.0768333
0.0768737
0.0769212
0.0769735
0.0770285
0.0770839
0.0771377
0.0771878
0.0772329
0.0772715
0.0773029
0.0773268
0.077343
0.0773523
0.0773553
0.0773535
0.0773482
0.0773412
0.0773343
0.0773292
0.0773276
0.0773311
0.0773409
0.0773581
0.0773832
0.0774166
0.0774581
0.0775072
0.0775631
0.0776246
0.0776904
0.077759
0.0778286
0.0778978
0.0779647
0.0780279
0.0780863
0.0781386
0.0781844
0.078223
0.0782546
0.0782796
0.0782984
0.0783124
0.0783226
0.0783307
0.0783385
0.0783476
0.07836
0.0783774
0.0784014
0.0784335
0.0784749
0.0785264
0.0785883
0.0786609
0.0787438
0.078836
0.0789368
0.0790443
0.0791571
0.0792731
0.0793903
0.0795066
0.07962
0.0797286
0.0798308
0.0799253
0.080011
0.0800874
0.0801542
0.0802118
0.0802605
0.0803014
0.0803355
0.0803643
0.0803892
0.0804118
0.0804333
0.0804552
0.0804785
0.0805041
0.0805326
0.0805643
0.0805993
0.0806372
0.0806778
0.0807205
0.0807646
0.0808097
0.0808551
0.0809005
0.0809456
0.0809904
0.0810351
0.08108
0.0811258
0.0811733
0.0812231
0.0812764
0.0813338
0.081396
0.0814638
0.0815373
0.0816167
0.0817018
0.0817921
0.0818868
0.0819851
0.0820857
0.0821875
0.0822892
0.0823894
0.0824872
0.0825815
0.0826716
0.082757
0.0828376
0.0829134
0.0829848
0.0830523
0.0831167
0.0831788
0.0832396
0.0833
0.0833609
0.083423
0.0834869
0.083553
0.0836214
0.0836922
0.083765
0.0838397
0.0839156
0.0839922
0.0840688
0.0841448
0.0842196
0.0842925
0.0843633
0.0844315
0.0844969
0.0845595
0.0846192
0.0846762
0.0847305
0.0847824
0.0848321
0.0848798
0.0849259
0.0849705
0.0850139
0.0850562
0.0850978
0.0851388
0.0851794
0.08522
0.0852609
0.0853024
0.0853451
0.0853892
0.0854352
0.0854837
0.0855349
0.0855894
0.0856474
0.0857091
0.0857747
0.0858439
0.0859168
0.0859929
0.0860719
0.0861531
0.086236
0.0863198
0.0864038
0.0864873
0.0865698
0.0866506
0.0867292
0.0868055
0.0868793
0.0869505
0.0870194
0.0870862
0.0871514
0.0872155
0.087279
0.0873426
0.0874067
0.0874719
0.0875385
0.0876068
0.0876769
0.0877488
0.0878224
0.0878971
0.0879726
0.0880482
0.0881232
0.088197
0.0882687
0.0883377
0.0884032
0.0884647
0.0885218
0.0885742
0.088622
0.0886651
0.0887039
0.0887389
0.0887708
